,News,All,SVO
0,20211129_1100,防下單系統遭駭 證券期貨單位成立應變支援小組全天候待命券商期貨業者下單系統頻傳遭駭，為強化金融業者資安量能，金管會轄下證券期貨相關機構宣布共同成立「證券暨期貨市場電腦緊急應變支援小組 (SF-CERT)」全天候協助業者應變資安事件。包括元大證券、統一證券與凱基期貨等下單系統上周陸續傳出遭駭客攻擊，部分客戶的複委託帳戶更因此「被下單」引發市場議論，證交所與期交所先後針對遭駭事件提出對策，徹底檢視系統的資安防護力。證交所指出，SF-CERT 採全天候協助證券期貨業者應變資安事件，藉由提供業者處理指引、突發事件通報演練、社交工程演練與 DDoS 演練等多樣化等資安演練，強化業者資安意識與事件應變處理能量，確保金融服務持續營運不中斷，保障整體市場交易安全。為維護證券暨期貨市場資訊安全，達到資安聯防策略目標，包括證交所、期交所、櫃買中心、集保結算所、券商公會、期貨公會與投信投顧等相關機構，將共同維護證券期貨市場資安事件應變處理體系。證交所表示，透過共同合作與強化量能，當未來發生重大資安事件時，能及時提出證券暨期貨市場的對應策略，降低資安事件對市場產生的衝擊及影響。,"[['防下單系統', '遭', '駭'], ['會', '轄', '協助業者應變資安事件'], ['相關機構', '宣佈', '成立'], ['針對', '遭', '駭'], ['採全天候', '協助', '證券期貨'], ['協助證券期貨業者', '應變', '資安事件'], ['證交所', '表示', '提出對應策略'], ['未來', '發生', '重大資安事件']]"
0,20211129_1101,埃及等4國納重點高風險國家 6大族群建議追加接種第三劑新型變異株 Omicron 擴散多國，指揮中心今 (29) 日宣布，12 月 1 日零時起，將馬拉威、莫三比克、埃及、奈及利亞納入重點高風險國家，入境後須入住集中檢疫所；隨著疫苗涵蓋率上升，ACIP 專家會議討論後，建議 12-17 歲青少年接種第二劑 BNT 疫苗，此外，醫護、65 歲以上長者等 6 大族群，完成第二劑接種 6 個月後，建議追加接種第三劑。根據疾管署統計，全台截至 28 日止，累計接種 3096 萬 5234 劑，接種人口涵蓋率第一劑 77.70%、第二劑 54.55%，劑次人口比 132.25 (劑 / 每百人)。傳染病防治諮詢會預防接種組 (ACIP) 專家開會檢視國外保護力追蹤及接種實務情形，考量疫苗保護力會隨著接種時間逐續下降，加上病毒不斷變異，即便完成兩劑疫苗後，仍有突破性感染的風險，因此建議完成兩劑疫苗接種的民眾，應於第二劑接種 6 個月後，追加第三劑疫苗。專家建議追加接種第三劑的六大族群，分別為 65 歲以上長者、長照機構住民與工作者、醫護人員、防疫工作人員、第一線高感染風險工作人員，以及容易感染與疾病嚴重風險者 (疫苗公費接種對象第九類)。此外，依據目前疫苗間隔與保護力實證研究結果，以及英國、歐盟、加拿大等國的監測與建議，專家建議 12-17 歲青少年兩劑 BNT 疫苗間隔為 12 週以上。後續將由指揮中心與地方政府衛生局規劃安排於校園接種。指揮中心指出，新型變異株 Omicron 於全球日益擴散，且傳播力強，考量馬拉威、莫三比克、埃及、奈及利亞等 4 國已有個案輸入，疫情恐有擴散趨勢，研判風險較高，因此，自今年 12 月 1 日零時起 (航機抵台時間)，增列為「重點高風險國家」。指揮中心強調，若過去 14 天有這 4 國旅遊史 (含轉機) 者，入境後均應至集中檢疫所進行 14 天檢疫，且配合專案採檢 (到所、期滿) 及續行 7 天自主健康管理 (第 6-7 天公費家用快篩 1 次)，這些旅客不需支付集中檢疫所及採檢費用，但也不適用 7+7+7、10+4+7 的春節專案。,"[['醫護大族羣', '完成', '第二劑'], ['因此', '建議', '完成兩劑疫苗接種'], ['建議完成兩劑疫苗接種民衆', '追加', '第三劑疫苗'], ['專家', '建議', '六大族羣爲歲以上長者'], ['專家建議六大族羣爲歲以上長者', '追加', '接種第三劑'], ['六大族羣', '爲', '歲以上長者'], ['專家', '建議', '疫苗間隔爲12周以上'], ['疫苗間隔', '爲', '12周以上'], ['指揮中心', '指出', '新型變異株Omicron擴散'], ['航機', '抵', '臺'], ['航機', '抵', '臺'], ['指揮中心', '強調', '至檢疫所'], ['者', '有', '含轉機國旅遊史'], ['(', '到', '天所'], ['這些旅客', '不需', '支付採檢費用']]"
0,20211129_1102,"【股海大丈夫專欄】 大盤季線回測有守 本週國內外大事彙整 選股高手就是你 比賽績效拿大獎！在經歷了週五美股大跌後，幾乎每個人都認為今日會再跳空大跌，的確，早盤台股一度跌至季線附近，但回測季線後，買盤隨即進駐電子權值股，指數盤中一度翻紅，終場收 17328.09，下跌 41.30 點，成交量為 3,181.715 億元，在籌碼方面，三大法人合計買超 43.21 億，其中外資買超 60.57 億，投信買超 0.01 億，自營商則是避險性賣超 17.45 億，在期貨未平倉方面，外資回補 1,563 口空單。整體來說，疫情造成的大跌最終都會以更大的漲幅漲回來，從今天台股的走勢即可發現，疫情對於股市的影響時間越來越短，現實世界中人類正在努力學習與新冠病毒共存，而股市顯然也在逐漸在學習中，台股今日回測季線有守，收盤雖小跌，但能否徹底止跌，可能還需等更多 Omicron 訊息釋放出來。【遊戲規則】報名期間：即日起至 11/30 日止競賽期間：2021/12/06~2022/01/14獎項：總冠軍 iphone 13 128GB亞　軍 PS5  PlayStation®5 數位版季　軍 SOGO 禮券 3000 元前 4 週總績效前 5 名 7-11 禮券 200 元加碼獎～超 級 人 氣 獎  7-11 禮券 500 元不定時週抽獎  7-11 禮券 100 元趕緊填表免費報名！【韭菜遊戲 - 報名表單】: 專線 (02)2542-9977本公司所推薦分析之個別有價證券無不當之財務利益關係 以往之績效不保證未來獲利投資人應獨立判斷 審慎評估並自負投資風險","[['選股高手', '就是', '比賽績效拿大獎'], ['每個人', '認爲', '跳空'], ['買盤', '進駐', '電子權值股'], ['成交量', '爲', '3'], ['從今天台股走勢', '發現', '短'], ['9977本公司推薦個別有價證券', '無', '財務利益關係'], ['以往績效', '保證', '獲利投資人']]"
0,20211129_1103,【台股龍捲風】季線對抗Omicron 電動車+元宇宙震盪後將再噴發目前已經多個國家，限制來自南非與非洲多國的航班，日本更是直接鎖國禁止全球旅客入境。接下來的形勢，將取決於科學家對於這種新變種會有怎樣的發現，包括其對疫苗的逃逸情況，以及比 Delta 變異毒株的傳染性強多少，不確定因素太大，所以上週五美股大跌，VIX 甚至飆至 28.62%，而就過去歷史，每當恐慌指數暴漲時，都會是絕佳的布局時機。況且對於病毒部分，各國已開始防範，應可控制下來，操作面上不應恐慌，而是震盪找機會。外資買超 60 億元，投信買超 0.02  億元，自營商賣超 17.45 億，台股在大漲 1824 點了，投信終結連 7 天囉。配合技術線型來到季線位置區 17165 點，行情止跌了嗎? 永誠投顧徐照興分析師表示，目前加權日 KD 死亡交叉，本來就要跌，雖然留長下影線，但還有可能再回測，所以可以今低 17167 當觀察點為，而周 KD 依舊交叉，所以下半周機會回穩的行情，看法不變。。所有文章都可搜尋「徐照興鉅亨網」新聞，而動態影音檔，可當連續劇看 (日更)   (行情雖跌，但上周請大家觀察的重點都有印證，文字較難表達，可直接看 YT)接下來就是續追蹤之前追蹤的個股：矽晶圓：今日還是以合晶 () 最為強勢，台勝科 () 盤中逼近漲停，中美晶 () 環球晶 () 今日也表現較大盤佳，整體而言仍為強勢族群，短線可以今低當防守。再來看美國的 TESLA，10 月 25 日的大量區，在美股回檔的情況下，看能不能有守。電池股的寧德時代 (陸股) 再創歷史高，帶動 AES()高檔震盪，一不小心很有可能就再創高，而美琪瑪 ()、康普 () 、聚合 () ，今日股價明顯低檔有撐，接下來就看何時出現「帶量長紅」的攻擊表態 K 線了。接下第三代半導體: 嘉晶 ()，在 20MA 出現強力支撐下，以黑馬之姿 連續噴出，今盤勢不好，還能再創新高，帶動漢磊 () 出現下影線，而光磊 () 比價效應後，最高衝至 66.2 元，接下來富采 () 可開始留意，目前已回測季線縮腳。整流二極體: 德微 ()今天逆勢上攻，且拉出漲停，明日就觀察: 強茂 () 、朋程 () ，是否可被帶動上來。然後就是我們提早佈局的「元宇宙」概念股：新的元宇宙大眾控 () 連續噴出，今日完全不甩並利空，持續漲停，代表題材仍圍繞在元宇宙上，接下來已整理過的威盛 () 、宏達電 () 、位速 ()、威鋒電 () 、中光電 ()  、揚明光 () 、凌陽 ()、凌通 () 、凌陽創新 ()、聯發科 () 、亞信 () 、九暘 ()就可留意，喜歡大規模操作題材股的人，可來 TG：而有來拿「低軌衛星」資料的人，已先噴一波了，今天新低軌衛星股萬泰科 () 續漲，台揚 () 也沒跌。近期隨者 5G、TESLA、元宇宙、低軌衛星等題材，大家賺翻了，今天行情留下影線，可留意「網通概念股」像今日的仲琦 () 合勤控 () 就大漲，相關個股都已放在 FB 社團。FB 社團：今日雖下跌 41 點，但漲停家數大於跌停家數，代表資金還在場內，尋求機會，大家都有機會，若變種病毒利空反應完畢，相信很快的行情又會震盪再走高，好好把握 12 月份的行情。年末感恩專案限量收單中：歡迎跟著徐老師跟上行情，打開獲利。像這類型文章您喜歡嗎？操作就是持續追蹤，不用每天變來變去的。如果您也認同的話，歡迎加入「龍捲風操盤戰隊」。TG：FB 社團：新龍捲風操盤戰隊 Line@生活圈本公司所推薦分析之個別有價證券無不當之財務利益關係 以往之績效不保證未來獲利投資人應獨立判斷 審慎評估並自負投資風險,"[['日本鎖國', '禁止', '全球旅客入境'], ['接下來形勢', '取決於', '科學家有怎樣發現'], ['科學家', '有', '怎樣發現'], ['各國', '開始', '防範'], ['臺股', '在', '1824點'], ['徐照興分析師', '表示', '加權日KD死亡交叉'], ['所有文章', '搜尋', '徐照興巨亨網新聞'], ['重點', '有', '印證'], ['接下來', '就是續', '追蹤'], ['量', '長', '紅'], ['20MA', '出現', '強力支撐下'], ['題材', '圍繞在', '元宇宙上'], ['人', '來', ' TG'], ['來', '拿', '低軌衛星資料'], ['拿低軌衛星資料人', '噴', '一波'], ['大家', '賺', '等5G題材'], ['」', '像', '今日仲琦'], ['像今日仲琦網通概念股', '合勤控', ' )'], ['相關個股', '放在', 'FB社團'], ['漲停家數', '大於', '跌停家數'], ['資金', '還在', '場內'], ['大家', '有', '機會'], ['您', '喜歡', '這類型文章'], ['操作', '就是', '追蹤'], ['圈本公司推薦分析個別有價證券', '無', '財務利益關係'], ['以往績效', '保證', '獲利投資人']]"
0,20211129_1104,〈兆豐投顧投資展望〉明年台股「大箱型」走勢 高點看18500點兆豐投顧將舉行 2022 年投資展望線上說明會，今 (29) 日表示，今年下半年台股處高檔整理，進入明年後，將呈現大箱型的走勢，低檔 15000 點有撐，上檔壓力位置落在 18500 點。兆豐投顧說明，隨著新冠疫情趨緩、聯準會 QE 逐步退場的政策確定、產業基本面因供需情勢鬆動等多空因素干擾下，今年下半年台股形成高檔整理走勢。展望 2022 年，由於大環境處於成長趨緩的基礎上，再加上市場擔心居高不下的通膨，因此，兆豐投顧預料，歷經 2020 年、2021 年瘋狂的上下大幅震盪後，明年將處在一切逐步回歸正常的過程。因此，預料台股將呈現高低點略為向上的大箱型走勢，支撐點在 15000 點 (2021 年 5 月回檔低點)，壓力則在 18500 點 (2014 年以來 2 倍上升軌道上緣)。兆豐投顧進一步指出，據 IMF 的預估，明年全球經濟成長率將放緩至 4.9%，主要經濟體美國、中國、區、日本等成長率皆同步下滑，不過，就過去 30 年的數據而言，4.9% 的 GDP 年增率仍算極佳的表現，不應將其視為利空因子，仍以正向看待。至於市場高度關注的通貨膨脹議題，兆豐投顧認為，在供應鏈缺口逐步緩解下，可望由高峰向下，但是否如 FED 樂觀預期的回落至政策目標區 2.5%，有待觀察。由於通膨壓力未能排除，兆豐預期，美國聯準會在明年中完成 QE 退場後，最快將於 6 月後進行第一次升息，全年恐升息 2 次，屆時將影響債券殖利率、資金動能， 尤其資金成本因升息而提高，也將會牽動資金在不同市場及商品間流動，為股市帶來動盪，所幸，由於資金存量仍高，應不至於轉入空頭趨勢。,"[['兆豐投顧', '舉行', '投資展望線上說明會'], ['低檔點', '有', '撐'], ['上檔壓力位置', '落在', '18500點'], ['臺股', '形成', '整理走勢'], ['大環境', '處於', '成長'], ['大環境', '處於', '成長'], ['明年', '處在', '一切迴歸正常過程'], ['一切', '迴歸', '正常'], ['逐步', '迴歸', '正常'], ['預料臺股', '呈現', '大箱型走勢'], ['高低點', '略爲', '向上'], ['壓力', '上升', '上緣'], ['兆豐投顧', '指出', '視爲利空因子'], ['經濟成長率', '放緩至', '4.9%'], ['兆豐投顧', '認爲', '樂觀預期回落有待觀察'], ['樂觀預期回落', '有待', '觀察'], ['兆豐', '預期', '後進行第一次升息']]"
0,20211129_1105,"〈富邦財經論壇〉郭永宜看明年投資轉向股債平衡 基金、保單布局教戰富邦金 () 今舉行「2022 富邦財經趨勢論壇」，富邦證券總經理郭永宜表示，隨著全球貨幣政策逐漸緊縮，明年投資從今年的風險性資產，將轉向股債平衡。包括基金、保單布局，郭永宜也針對不同型態投資人，提供不同的投資建議。郭永宜表示，明年全球企業盈餘成長速度放緩，以  企業盈餘預估，今年的企業獲利年增 45.8%，而因為基期墊高，明年年增率則為 9.2%。全球央行面對供應鏈重整、中國能耗政策轉變、歐美碳中和趨勢等影響，全球供給面限制增加，物價上漲壓力仍高。伴隨通膨升溫，全球央行將逐漸調整過去兩年寬鬆貨幣政策步伐，部分新興市場國家已經升息，市場預期美歐為首的已開發國家 2022 年將逐漸升息。回顧今年，郭永宜指出，2021 年金融市場主軸股優於債，市場投資人樂觀積極。以台灣境內外基金銷售觀察，2021 年 1 到 9 月股票型基金 1.41 兆，已經高於去年全年 1.36 兆，佔比 (不含貨幣型) 自 44% 提升到 49%；相比之下，債券基金佔比則由 2020 年 41% 衰退至 29%。若以保費總額觀察，今年 1 到 9 月投資型保單保費總額已達 4,390 億，較去年全年 3,402 億成長 29%，佔比更是近年來首度超過儲蓄型保單。投資人紛紛將資金流入風險性資產賺取資本利得。但是，明年則大不相同，郭永宜表示，貨幣政策中立化過程中，投資主題將由今年股優於債的資金行情開始轉往股債平衡。郭永宜以 2004 年、2017 年兩次升息循環為例，貨幣政策逐漸正常化的過程中，股債表現沒有出現大幅修正，股票投資機會仍多，但需慎選商品擇優布局；債市則因利率逐步走高，許多標的提供不錯的穩健收益，可適度配置固定收益型商品。股票投資方面，郭永宜指出，觀察過去兩次升息循環初期，成長股表現優於價值股、大型股優於小型股。非核心消費、資訊科技、工業等在過去兩次升息循環前一年有 14.0%、13.6%、11.8% 的平均報酬表現。因應疫情，遠距上班就學等需求提升，疫情讓科技發展加速。市場持續聚焦趨勢類股如 5G、VR/AR、電動車、AI 等主流話題。債券投資方面，觀察過去兩次升息循環初期，高收益債券平均報酬率達 3.8%，優於新興市場債 2.4%、投資等級債 - 0.3% 的績效。投資人仍須留意高收益債券易隨市場震盪出現明顯起伏，以 2020 年 3 月為例，高收益債指數出現 19% 的修正，相較於投資等級債的 5% 波動明顯更高。至於基金投資，則視投資人對風險承受度的高低，郭永宜建議，積極型的投資人可選擇股票型基金為主；保守型投資人則可觀察債券型基金降低資產組合波動程度。保單部分，仍以投資型保單為主流，全委投資帳戶大多投資全球股債，過去一年績效表現皆較公用事業指數佳。郭永宜進一步表示，股票盤整階段則可觀察連結股票的結構型商品 (ELN)，該商品天期彈性可以由 14 天至 3 個月客製化設計，收益率則依連結標的波動率，年化可達 5~10%。如果股價表現強勁，則可提前出場取回契約本金獲利了結；若未觸及上限價且到期跌破履約價，則依履約價承接股票。投資人如預期股價將在區間內震盪，可適時配置 ELN 提高投資組合報酬績效。","[['郭永宜', '看', '2022富邦財經趨勢論壇'], ['富邦證券總經理郭永宜', '表示', '風險性資產轉向股債平衡'], ['風險性資產', '轉向', '股債平衡'], ['郭永宜', '提供', '投資建議'], ['郭永宜', '表示', '盈餘成長速度放緩'], ['全球央行', '調整', '寬鬆貨幣政策步伐'], ['郭永宜', '指出', '金融市場主軸股優於債'], ['金融市場主軸股', '優於', '債'], ['1.41兆', '高於', ' 兆'], ['(', '不含', '貨幣型'], ['債券基金佔', '衰退至', '29%'], ['投資型保單保費總額', '達', '4'], ['佔比', '是', '超過儲蓄型保單'], ['投資人', '流入', '風險性資產'], ['郭永宜', '表示', '投資主題開始轉'], ['股', '優於', '債'], ['投資主題', '開始', '轉'], ['郭永宜', '爲', '例'], ['股債表現', '出現', '修正'], ['許多標的', '提供', '穩健收益'], ['郭永宜', '指出', '成長股表現優於價值股優於小型股'], ['成長股表現', '優於', '價值股優於小型股'], ['價值股', '優於', '小型股'], ['投資人', '留意', '高收益債券出現明顯起伏'], ['高收益債券', '出現', '明顯起伏'], ['高收益債指數', '出現', '19% 修正'], ['郭永宜', '建議', '爲主'], ['積極型投資人', '選擇', '股票型基金'], ['保守型投資人', '觀察', '債券型基金降低資產組合波動程度'], ['債券型基金', '降低', '資產組合波動'], ['債券型基金', '降低', '資產組合波動'], ['投資帳戶', '投資', '全球股債'], ['郭永宜', '表示', '觀察ELN商品'], ['觀察ELN商品', '連結', '股票'], ['股價', '表現', '強勁'], ['ELN', '提高', '投資組合報酬']]"
0,20211129_1106,華碩衝刺教育商機再推迷你電腦新品 營運添動能品牌大廠華碩 () 看準混合生活型態、遠距教學趨勢延續，今 (29) 日進一步宣布推出搭載 Chrome OS 系統的迷你電腦 ASUS Chromebox 4，將可內建多種教育應用程式，衝刺教育市場應用商機，也可望為本季營運再添動能。華碩表示，ASUS Chromebox 4 最高搭載英特爾 () 第 10 代處理器、16 GB DDR4-2666 記憶體、256 GB M.2 SSD 儲存裝置，外接螢幕方面，最高可同時連接 3 台 4K 螢幕，有助提升使用體驗，且具備高速 WiFi 6 無線功能，所有檔案資訊則透過雲端同步，擴充性佳，建議售價為 8999 元起。營運方面，華碩認為，個人電腦產業供不應求狀況將延續至明年首季，依在手訂單評估，仍有 2-3 成訂單無法滿足，也預期本季筆電出貨將續揚 5%、年增 20-30%，零組件與周邊產品則可擺脫季節性因素，出貨估持平上季。展望明年，華碩正向看待全球進入新數位生活、學習等混合生活常態，筆電等生產力產品將續成數位裝置主流，也將持續以優於市場平均為目標，估明年商用產品出貨可望年增 10-20%，教育需求則還要觀察美國市場動態，但預期教育機種出貨仍可年增逾 5%。,"[['教育商機', '推', '品牌大廠華碩'], ['華碩', '表示', '(英特爾連接3臺螢幕'], ['(英特爾', '連接', '3臺螢幕'], ['所有檔案資訊', '透過', '雲端同步'], ['售價', '爲', '8999元起'], ['華碩', '認爲', '供不應求狀況延續'], ['供不應求狀況', '延續至', '明年首季'], ['零組件', '擺脫', '季節性因素'], ['華碩', '看待', '混合生活常態'], ['教育需求', '觀察', '美國市場動態'], ['教育機種出貨', '年增逾', '5%']]"
0,20211129_1107,台股收黑季線有撐 外資回頭買超 三大法人合買43.21億元新型變異株 Omicron 威脅升溫，台股今 (29) 日早盤一度下跌 202 點，逼近季線支撐，市場買盤隨即湧進電子族群，再現 12 千金，率先翻紅，但傳產族群賣壓沉重，終場指數下跌 41 點，收在 17328 點，三大法人合計買超 43.21 億元，其中外資回補 60 億元。今天成交值 3181.71 億元。觀察法人資金變動情形，外資上周五大舉倒貨 310 億元後，今天回頭買超 60.57 億元；投信小幅買超 191 萬元，終止連續 7 個交易日賣超；自營商賣超 17.45 億元。三大法人合計買超 43.21 億元。權王台積電早盤走弱，一度跌至 591 元，回測年線，儘管盤中幾度翻紅，但買盤無力追價，終場小跌 0.5%，以 593 元作收；聯發科早盤一度摔出千金股俱樂部，隨後止跌回升，上漲逾 2%，終場收在 1030 元；國巨、華邦電、英業達、聯詠、欣興等指標電子股均獲資金點火。高價股方面，力旺大漲逾半根停板，成功擠下譜瑞 - KY，奪回第三大高價股位置；緯穎開低走高，終場勁揚逾 3%，收 1020 元，重返千金股行列，排名一度超車聯發科；此外，之前捲入美國貿易黑名單風波的世芯 - KY，隨著利空逐漸淡化，今天股價強彈逾半根漲停板，以 1010 元全場最高作收。傳產族群持續遭到調節，台塑四寶中以南亞跌 1.5% 最重，台聚及亞聚重挫 3-4%，聯成、國喬、華夏、中石化等都賣壓沉重；其他包括造紙、鋼鐵、紡織等類股指數均下跌逾 1%。此外，受到 Omicron 變種病毒衝擊，觀光也成為弱勢股，王品、美食 - KY、鳳凰、雄獅、易飛網、五福、雲品等，約下跌 2-5%。,"[['收黑季線', '有', '撐'], ['外資', '買', '超'], ['回頭', '買', '超'], ['外資買超三大法人', '買', '新型變異株Omicron威脅'], ['臺股', '下跌', '202點'], ['市場買盤', '湧進', '電子族羣'], ['終場收', '在', ' 1030 元'], ['指標電子股', '獲', '資金點火'], ['股價強彈', '逾', '半根漲停板'], ['傳產族羣', '遭到', '調節'], ['臺聚', '重挫', '3'], ['等聯成', '賣', '壓'], ['其他', '包括', '數下跌逾1%'], ['數', '下跌逾', '1%'], ['觀光', '成爲', '弱勢股']]"
0,20211129_1108,〈台股盤後〉防疫股難撐盤 多空拉鋸17400點得而復失新變異株重擊全球股市，台股今 (29) 日一度重挫逾 200 點最低來到 17167 點，逼近季線，隨著低接買盤進場，防疫概念股、中小型股撐盤下，黑翻紅，大盤一度重回 17400 點，終場仍不敵賣壓湧現，指數震盪翻黑，以 17328.09 點作收，下跌 41.3 點，成交量 3182 億元。電子三雄早盤同步翻紅後，仍不敵賣壓，台積電終場下跌 0.5%，收在 593 元；鴻海午盤後漲勢收斂，以平盤 103.5 元作收；聯發科表現較強勢，收在今日最高點 1030 元，上漲 2.48%；其他權值股包括台達電、穩懋、元太、台勝科、台光電、中美晶均也穩盤要角。聯發科帶領下，IC 設計族群重啟漲勢，笙泉、點序攻上漲停，新唐、世芯 - KY 也有逾半根漲幅，金麗科、創惟、威鋒電子、愛普、安格漲勢也不俗。高價股同樣奮力撐盤，終場漲多跌少，AES-KY、力旺拉出逾半根漲停，信驊、矽力 - KY、祥碩、旭隼站穩紅盤，緯穎開低走高，重回千元大關，以 1020 元作收，上漲逾 3%。盤面上仍以防疫概念股較強勢，ABC-KY、毛寶、熱映、恆大、亞諾法、商之器、合世、康那香功上漲停；瑞基、優盛、雃博、易威等也拉出逾半根漲停；興櫃股普生、敏成健康、金萬林、昱厚表現慓悍。航運族群也有買單敲進，貨櫃三雄中長榮、陽明均有逾 1% 漲幅，萬海午盤後黑翻紅，終場上漲 0.65%；物流強勢上攻，嘉里大榮與宅配通亮燈漲停。新變種病毒傳染力更快，疫情再度升溫，各國為防止新變種病毒爆發，陸續宣布鎖國政策，航空雙雄持續走弱，賣壓湧現，華航下跌 7.3%、長榮航則跌逾 8%，個股表現方面，金可 - KY 將被 Glamor Vision 以每股 280 元、溢價 38% 併購下櫃，激勵股價跳空漲停，鎖在 222 元，委買高掛超過 10 萬張；持有金可 18.39% 股權的寶島科，也決議參與合併案，未來持股比例不變，仍將依照權益法認列投資收益，股價同樣漲停鎖住，來到 64.4 元。法人表示，全球再度壟罩疫情不確定性下，不過時序進入 12 月，年底集團、投信作帳行期啟動，台股走勢不看淡，有望帶動股市信心，指數短線可望跌深反彈。,"[['多空拉鋸17400點', '得而復失', '新變異株'], ['大盤', '重回', '17400點'], ['電子三雄早盤', '不敵', '賣壓'], ['臺積電', '下跌', '0.5%'], ['收', '在', '1030元'], ['其他權值股', '包括', '要角'], ['新唐', '也有', '逾半根漲幅'], ['信驊', '站穩', '紅盤'], ['等瑞基', '拉出', '逾半根漲停'], ['航運族羣', '也有', '敲買單'], ['貨櫃三雄中長榮', '均有逾', '漲幅'], ['，金可 - KY 將', '激勵', '股價跳空'], ['買高掛', '超過', ' 10 萬張'], ['64.4元', '持有', ' 股權'], ['持有 股權寶島科', '決議', '參與合併案'], ['股價', '漲停', '權益法認列投資收益'], ['法人', '表示', '時序進入12月'], ['時序', '進入', '12月'], ['指數短線', '跌', '深']]"
0,20211129_1109,12千金來電不敵傳產賣壓 台股跌41點收17328點 半年線失而復得新冠肺炎新型變異株 Omicron 重擊全球股市，台股今 (29) 日早盤一度下跌 202 點，逼近季線支撐，市場買盤隨即進場低接電子股，再現 12 千金，航運股及中小型股也都表現不俗，不過，鋼鐵、紡織、塑化等傳產族群賣壓沉重，終場指數仍下跌 41.3 點，以 17328.09 點作收，半年線失而復得，成交值 3181.71 億元。台積電早盤走弱，一度跌至 591 元，跌破半年線、回測年線，儘管盤中幾度翻紅，但買盤無力追價，終場小跌 0.5%，以 593 元作收；聯發科早盤一度摔出千金股俱樂部，隨後止跌回升，上漲逾 2%，終場收在 1030 元；國巨、華邦電、英業達、聯詠、欣興等指標電子股均獲資金點火。台股再現 12 千金，力旺大漲逾半根停板，一度逼近 2200 元關卡，成功擠下譜瑞 - KY，奪回第三大高價股位置；緯穎開低走高，終場勁揚逾 3%，收 1020 元，重返千金股行列，排名一度超車聯發科；此外，之前捲入美國貿易黑名單風波的世芯 - KY，隨著利空逐漸淡化，今天股價強彈逾半根漲停板，以 1010 元全場最高作收。砷化鎵廠穩懋明年獲得日系外資看好，評等升級至「買進」，目標價亦從 310 元上調至 400 元，激勵股價大漲逾 7% 收在 364.5 元，PA 三雄獲得買盤青睞，全新勁揚 5% 以上，宏捷科則漲 1.4%。航運股表現兩樣情，航空雙雄持續受 Omicron 利空衝擊，今天再大跌逾半根停板，不過，延續反彈氣勢，貨櫃三雄逆勢走揚，長榮、陽明上漲逾 1%，散裝航運股慧洋 - KY、裕民等均在盤上表現，加上疫情掀起宅經濟熱度，陸運雙雄宅配通、嘉里大榮股價直奔漲停。,"[['新型變異株Omicron', '重擊', '全球股市'], ['臺股', '下跌', '202點'], ['終場收', '在', ' 1030 元'], ['指標電子股', '獲', '資金點火'], ['臺股', '再現', '12千金'], ['力旺大漲', '逾', '半根停板'], ['股價強彈', '逾', '半根漲停板'], ['穩懋', '獲得', '日系外資'], ['收', '在', '364.5元'], ['PA三雄', '獲得', '青睞'], ['宏捷科', '漲', '1.4%'], ['航運股', '表現', '兩樣情'], ['航空雙雄', '受', 'Omicron衝擊'], ['疫情', '掀起', '經濟熱度']]"
0,20211129_1110,〈財委會質詢〉穩定物價大宗物資擬降稅 財長：預計這兩周啟動為穩定物價，行政院穩定物價小組擬調教大宗物價關稅，財政部部長蘇建榮今 (29) 日答詢時表示，政院這兩天就會拍板調降關稅項目等，屆時財政部就會配合辦理，預估最快這兩周就會實施。立法院財委會今天審查財政部與所轄機關的 111 年度總預算，蘇建榮率領相關部會官員列席備詢，對於調降油氣類、小麥等大宗物資關稅，在答詢時做前述回應。國民黨立委曾銘宗質詢時問，政府擬對油氣類、黃小玉等物資調降進口關稅，最快何時才能拍板上路？有沒有機會在今年底前實施，還是要等到明 (111) 年元旦？蘇建榮說，預期行政院這兩天內就會決定包括調降稅率的項目與實施時間，財政部在接獲指令後就會即刻啟動降稅，預期最快這一兩周就能實施，不用等到明年元旦。受國際原物料價格飆漲影響，國內物價也跟著蠢動，為避免物價飆升造成國內通膨，行政院物價穩定小組召集國發會、農委會與經濟部等部會討論針對油氣類、黃小玉等大宗物資調降關稅，預計近期就會拍板定案。,"[['財委會', '質詢', '穩定降稅'], ['財委會', '質詢', '穩定降稅'], ['物價小組', '調教', '大宗物價關稅'], ['政院', '拍板調', '等項目'], ['立法院財委會', '審查', '總預算'], ['政府', '擬', '調降進口關稅'], ['蘇建榮', '說', '決定包括調降稅率項目'], ['財政部', '啓動', '降稅']]"
0,20211129_1111,〈焦點股〉航空雙雄「疫」亂心慌 海陸聯軍攻高Omicron 威脅升溫衝擊全球股市，台股今 (29) 日早盤一度重挫 200 點，逼近季線支撐，航空雙雄持續遭到空方狙擊，大跌逾半根停板，不過，延續反彈氣勢，貨櫃三雄逆勢走揚，加上疫情掀起宅經濟熱度，陸運雙雄宅配通 ()、嘉里大榮 () 盤中直奔漲停。新冠肺炎新型變異株 Omicron 現蹤亞洲、歐洲，引發投資人恐慌，航空股首當其衝，好不容易露出曙光的客運市場，信心再度被澆熄，華航 ()、長榮航 () 上周五股價慘遭打入跌停，今天賣壓持續出籠。華航已連續 2 個交易日遭外資大賣 13.8 萬張，今天股價一度重挫逾 8%，最低跌至 24.35 元，午盤成交量能超過 57 萬張；長榮航盤中也重摔 9%，下探 23.5 元，摜破月線支撐，為 3 周以來低點，午盤成交量也突破 25 萬張。SCFI 綜合指數連 3 周走揚，美東線止穩回升，在塞港、供應鏈瓶頸仍未解決前，海運價可望維持高檔整理，貨櫃三雄今天股價獲資金點火，長榮 () 盤中逆勢上漲近 4%，一度來到 123 元，午盤成交量達 14 萬張，陽明 ()、萬海 () 同步在盤上表現。為防堵 Omicron 入侵，歐洲各國紛紛收緊入境防疫管制，以色列更直接宣布鎖國，台灣方面，指揮中心已將南非、波札那等 6 國列為重點高風險國家，入境旅客一律入住集中檢疫所，市場再度對宅經濟商機添增想像，吸引買盤搶進陸運雙雄。宅配通近來股價震盪整理，今天回神攻上漲停板，達 75.2 元，嘉里大榮同步亮燈漲停，達 47.85 元，創逾 1 個月新高。據民航局公布資料顯示，今年 1 至 9 月，華航是 7 家民航公司中唯一獲利，達 15.55 億元，長榮航則虧損 5.69 億元；累積盈餘方面，截至今年 9 月底，長榮航仍以 48.55 億元排名第一，其次為華航 14.5 億元。,"[['航空雙雄疫', '心慌', '高'], ['海陸聯軍攻', '高', '威脅'], ['航空雙雄', '遭到', '空方狙擊'], ['貨櫃三雄', '延續', '反彈氣勢'], ['新型變異株Omicron', '現蹤', '亞洲'], [' 上週五股價', '慘遭', '打入跌停'], ['華航', '遭', '大賣'], ['外資', '大賣', '13.8萬張'], ['午盤成交量', '超過', '57萬張'], ['摜破月線支撐', '爲', '3周以來低點'], ['午盤成交量', '突破', '25萬張'], ['海運價', '維持', '高檔整理'], ['股價', '獲', '資金點火'], ['午盤成交量', '達', '14萬張'], ['歐洲各國', '收緊', '防疫管制'], ['以色列', '宣佈', '鎖國'], ['指揮中心', '國列爲', '高風險國家'], ['入境旅客', '入住', '檢疫所'], ['市場', '添增', '想像'], ['華航', '是', '唯一獲利'], ['長榮航', '虧損', '5.69億元'], ['億元', '累積', '盈餘']]"
0,20211129_1112,中鋼集團攻半導體循環商機 子公司中碳、中聯資扮要角中鋼 () 集團積極布局半導體循環商機，除了與中碳 () 合作生產第三代半導體長晶所需的高純石墨坩鍋外，也攜手另一子公司中聯資源 ()，將半導體製程產生的氟化鈣汙泥，經由處理成煉鋼所需的螢石，目前客戶涵蓋台積電 () 等半導體大廠。據了解，氟化鈣污泥主要是電子產業製程中，利用氰氟酸進行蝕刻及酸洗，經過中和處理後所產生的事業廢棄物；中鋼總經理王錫欽透露，過往電子廠氟化鈣污泥多由水泥業者處理，但近年半導體廠也轉向與中鋼集團合作，由中聯資源技術處理、成形烘乾，將污泥製程人造螢石。王錫欽進一步指出，此製程具有二大效益，一來可以解決半導體廠氟化鈣污泥去化困難的窘境，另一方面，製成的人造螢石，可以取代天然螢石做為煉鋼製程的住熔劑，可以降低原料成本以及資源開採，帶來多重效益。此外，中鋼集團內也推動資源循環利用高值化，子公司中碳也將中鋼煉焦所附產的煤焦油進行化工處理，除了產出酚、苯等特化品外，更進一步精化成半導體長晶用的高純石墨坩鍋，積極搶攻半導體循環商機。而中碳除了石墨坩鍋外，也有鋰電池負極材料，以及超電容用活性碳等電池相關材料產品。,"[[')鋼集團', '佈局', '循環商機'], ['半導體長晶', '生產', '石墨坩鍋'], ['合作', '生產', '石墨坩鍋'], ['客戶', '涵蓋臺', '半導體大廠'], ['氟化鈣污泥', '是', '事業廢棄物'], ['中鋼總經理王錫欽', '透露', '合作'], ['王錫欽', '指出', '此製程具有二大效益'], ['此製程', '具有', '二大效益'], ['人造螢石', '取代', '天然螢石'], ['中碳', '進行', '化工處理'], ['除了', '產出', '等酚特化品'], ['中碳', '也有', '負極材料']]"
0,20211129_1113,〈光洋科經營權之爭〉駁斥產業機密輸出中國 馬堅勇：投資中國光微為鞏固原料台鋼集團近日指出，光洋料 () 及董事長馬堅勇將產業機密輸出中國，董事長馬堅勇表示，近來半導體靶材需求激增，為提前布局供應鏈、鞏固高純銅料源，今年 4 月由子公司投資中國光微半導體材料，做為第二貨源，並取得 16.67% 股權，投資行為均經過投審會規範，並非將產業機密輸出中國。針對台鋼集團指控，馬堅勇提出三呼籲，期望台鋼停止抹黑抹紅，也強調術業有專攻、聞道有先後，認為光洋科、台鋼集團應在不同領域齊頭並進，為台灣產業共同努力，並呼籲台灣投資大眾應勇敢站出來，為台灣產業奮鬥。馬堅勇表示，為避免半導體供應鏈產生斷鏈危機，今年 4 月由子公司光洋新材 (昆山) 投資中國光微半導體材料，並以 200 萬元取得 16.67% 股權，期望開拓穩定的高純銅，做為第二貨源，儘管目前尚未應用在公司產品中，但預計明年第二季就可小量試產，期望滿足大客戶未來需求。馬堅勇認為，此次投資供應鏈主要為確保 2022-2024 年銅錳靶材量產時，高純銅的原料供應充足，同時也可受惠因股東身份，取得較優惠的價格，降低公司營運成本。馬堅勇指出，光微半導體成立於今年 1 月 28 日 ，為亞洲地區少數具有銅礦冶煉和化學提純能力，台灣目前並無此等廠商，亞洲地區也僅日本及中國才有，因此光洋科才投資光微取得穩定貨源。馬堅勇重申，此次投資行為均依照我國「在大陸地區從事投資或技術合作許可辦法」辦理，完全符合投審會規範，因此投資光微屬合法行為，但遭台鋼集團惡意抹紅為產業機密技術外洩、技術輸出至光微，公司已採取法律行動，遏止該行徑。光洋科撐傘團團長莊世雄也認為，客戶、公司與員工是三角關係，只有得到客戶的信賴、公司對員工的尊重及員工對公司的認同，才會產生良好的信任循環；此次客戶自發站出來挺公司，也是認同該道理。,"[['光洋科經營權之爭', '駁斥', ' 馬堅勇'], ['中國光微', '指出', '光洋料)馬堅勇輸出中國'], ['光洋料)馬堅勇', '輸出', '中國'], ['董事長馬堅勇', '表示', '半導體靶材需求激增'], ['投資行爲', '經過', '投審會規範'], ['馬堅勇', '提出', '三呼籲'], ['臺鋼', '停止', '抹黑抹紅'], ['術業', '有', '專攻'], ['馬堅勇', '表示', '投資光微半導體材料'], ['馬堅勇', '認爲', '供應'], ['爲', '確保', '銅錳靶材量產'], ['馬堅勇', '指出', '光微半導體成立'], ['光微半導體', '成立於', '28日'], ['臺灣', '並無', '等廠商'], ['光洋科', '投資', '光微'], ['馬堅勇', '重申', '爲機密技術外泄'], ['投資行爲', '從事', '技術合作許可辦法辦理'], ['公司', '採取', '法律行動'], ['光洋科撐傘團團長莊世雄', '認爲', '客戶是三角關係'], ['客戶', '是', '三角關係']]"
0,20211129_1114,〈富邦財經論壇〉台股跌200點後翻紅 蕭乾祥：短線兩大關有撐 明年高點僅看「萬九」最強變種病毒 Omicorn 來勢洶洶，台股今 (29) 日一度大跌超過 200 點，失守半年線，但低接買盤介入，指數在盤中翻紅。富邦投顧董事長蕭乾祥表示，新病毒衝擊有限，預期半年線、年線有強勁支撐。展望明 (2022) 年，台股基期墊高之下，明年股市將由激情回歸平穩，以台股本淨比區間推算，預估明年將落在 15000-19000 區間。富邦金 () 今 (29) 日舉行「2022 富邦財經趨勢論壇」，蕭乾祥表示，台股上周五已經反映先跌了，且這兩年全球已經逐步學會與病毒共存，因此預期新變種病毒衝擊有限，台灣基本面沒有大問題，台股「萬八」上檔壓力較重，但半年線、年線預期有強勁支撐。蕭乾祥進一步指出，2021 年全球股市是豐收的一年，各國股市頻創歷史新高，展望 2022 年，因為市場將面臨經濟成長基期調整、全球供應鏈調整導致通膨壓力，以及 QE 退場的資金調整等三個調整，整體市場動能將可能趨緩。 蕭乾祥表示，2022 年經濟政策重點將由貨幣政策轉向財政政策，而財政政策的方向也從前兩年的紓困性質的移轉性支付轉向基礎建設投資。拜登的「重建美好世界」政策，大力投資美國的基礎建設與環保綠能相關產業，將可望推動經濟保持穩定及市場中長期的增長基礎。蕭乾祥指出，過往中國透過其低廉的勞力及土地成本成為世界工廠，全球供應鏈的效率整合，造就了全球平穩的物價環境。然而，從美中貿易戰開打，到疫情衝擊全球，造成供應鏈斷鏈，缺料、缺貨、缺工的亂象層出不窮。廠商搶補庫存，搶料、搶櫃、搶船位、搶物流，不僅推升產品成本導致物價走揚，也直接逼迫全球供應鏈的遷徙大調整。蕭乾祥進一步表示，全球產業供應鏈的調整，從管理成本、物流成本及規模效益的考量來看，都造成產品成本的結構性上升，加上原物料價格今年以來不斷走高，可預期高物價將可能成為明年的常態，對各國央行而言，過去的寬鬆貨幣政策也將受到嚴峻的考驗。蕭乾祥表示，明年貨幣政策的調整尚不是資金水位的縮減，整體市場資金滿水位仍待消化，重點是龐大資金的流向，才是影響金融資產價格變化的關鍵。由於現階段利率仍處歷史低檔區，且 FED 後續升息的機率也逐漸提升。觀察市場資金流向，仍是以先進經濟體的股市為布局重點，因此在資產配置上，預期仍將是股優於債的環境。但是在主要股市評價也已來到相對高位的情況下，預期資金的市場角色從過往的雨露均霑，類股齊揚的榮景，轉向為聚焦成長市場與標的的輪動走勢。台股部分，今年除了電子科技產業外，傳產的航運、鋼鐵、金融類股的企業獲利都大幅跳升，造就股市類股齊漲的榮景並突破「萬八」關卡。展望明年，蕭乾祥表示，由於基期已經墊高，相對的成長動能會較為趨緩，台股預期指數趨勢雖仍偏多，但在整體市場評價已經來到波段相對高位，波動風險也隨之加大。在預期台股獲利成長不若前兩年快速成長的前提下，以台股本淨比區間 1.8-2.3 倍推算，推算將落在 15000-19000 區間。選股方向上，可聚焦「碳中和與半導體」兩大投資方向，蕭乾祥點名五個重點族群，首先是全球潮流的碳中和族群，包含相關綠能、儲能、電動車及功率元件等產業趨勢長期向上；其次是台股最具競爭優勢的半導體產業，包括先進製程、IC 載板、矽晶圓及 IC 設計等族群。另外，在 5G 應用逐漸提升的環境下，看好雲端通訊產業的伺服器、網通設備及零組件的需求；再來是疫情趨緩帶動傳產消費旅遊以及高殖利率藍籌股，都有輪動表現機會。,"[['臺股', '大跌', '200點'], ['指數', '翻', '紅'], ['富邦投顧董事長蕭乾祥', '表示', '有限'], ['半年線', '有', '強勁支撐'], ['明年股市', '迴歸', '平穩'], ['富邦金', '舉行', '2022'], ['蕭乾祥', '表示', '週五反映'], ['全球', '學會', '共存'], ['臺灣', '沒有', '大問題'], ['半年線預期', '有', '強勁支撐'], ['蕭乾祥', '指出', '新高'], ['全球股市', '是', '豐收一年'], ['市場', '面臨', '三個調整'], ['蕭乾祥', '表示', '經濟政策轉向財政政策'], ['經濟政策', '轉向', '財政政策'], ['財政政策方向', '轉向', '建設投資'], ['「', '重建', '美好世界'], ['重建美好世界政策', '投資', '基礎建設'], ['經濟', '保持', '穩定'], ['蕭乾祥', '指出', '成爲世界工廠'], ['，', '缺', '料'], ['廠商', '搶', '庫存'], ['推產品成本', '導致', '物價走揚'], ['蕭乾祥', '表示', '全球產業供應鏈調整造成上升'], ['全球產業供應鏈調整', '造成', '上升'], ['高物價', '成爲', '明年常態'], ['寬鬆貨幣政策', '受到', '嚴峻考驗'], ['蕭乾祥', '表示', '貨幣政策調整不是資金水位縮減'], ['貨幣政策調整', '不是', '資金水位縮減'], ['滿', '待', '消化'], ['重點', '是', '龐大資金流向'], ['現階段利率', '處', '低檔區'], ['觀察市場資金流向', '仍是', '重點'], ['預期', '是', '優於債環境'], ['股', '優於', '債'], ['齊揚榮景', '爲', '聚焦市場'], ['蕭乾祥', '表示', '評價來到高位'], ['評價', '來到', '高位'], ['推算', '落在', '15000-19000區間'], ['蕭乾祥', '點名', '重點族羣'], ['其次', '是', '半導體產業'], ['臺股', '最具', '競爭優勢'], ['臺股', '最具', '競爭優勢']]"
0,20211129_1115,〈財委會質詢〉地方政府房屋稅稅基評定 財部思考擬要求報部核定立法院財委會持續關注炒房議題，民進黨立委郭國文今 (29) 日質詢時表示，政府應加強對地方政府在房屋稅稅基評定，財政部長蘇建榮說，會思考是否要求地方政府完成房屋稅稅基後必須報部核定，或是備查後才能實施。立法院財委會今天審查財政部與所轄機關 111 年度預算審查，蘇建榮在答詢時針對囤房稅做上述回應。蘇建榮強調，對於房屋稅稅基評定必須報部核定或備查後才能實施，必須考量地方自治精神。郭國文質詢時指出，美國不動產持有稅率約 0.66% 到 1.37% 區間，英國 0.38%、日本約 0.2%，新加坡稅率約 0.17% 到 0.36%，但台灣的稅率約 0.06% 到 0.17%，台灣囤房成本是目前全球最低。郭國文還說，目前財政部用稅捐稽徵考核要求地方政府，但實際上約束效果不大，呼籲財政部應該在考量地方自治原則下，督促地方政府落實合理的稅基評定，甚至有適度的要求辦法。蘇建榮說明，台灣房屋稅有效稅率確實比較低，但問題在於稅基評定，有部分縣市房屋標準單價長達數 10 年來沒有調整，財政部目前也在思考，對於日後地方政府評定的稅基，未來是否要報送財報核定或備查。,"[['擬', '要求', '報'], ['要求報部', '覈定', '立法院財委會關注炒房議題'], ['立法院財委會', '關注', '炒房議題'], ['財政部長蘇建榮', '說', '思考要求覈定'], ['思考', '要求', '覈定'], ['立法院財委會', '審查', '年度預算審查'], ['蘇建榮', '做', '上述回應'], ['蘇建榮', '強調', '考量自治精神'], ['新加坡稅率', '到', '0.36%'], ['臺灣', '囤', '房'], ['捐稽徵考覈', '要求', '地方政府'], ['在', '考量', '地方自治'], ['蘇建榮', '說明', '問題在於評定'], ['問題', '在於', '評定']]"
0,20211129_1116,力積電公開申購超過105萬筆 中籤率3.03%晶圓代工廠力積電 (6770-TE) 11 月 24 至 26 日辦理公開申購，將於 11 月 30 日抽籤，據證交所統計，公開申購數量達 105 萬 8611 筆，相當於中籤率 3.03%，預估凍結約 528 億元資金。力積電為配合初次上市前公開承銷，辦理現金增資 13 億元，發行普通股 1.3 億股，日前辦理競價拍賣 8 萬 8400 張，合格投標數量達 36 萬 5035 張，各得標單價格及其數量加權平均價格為 63.52 元，高於最低承銷價格的 1.16 倍。力積電公開申購承銷數量 3 萬 2100 張，發行價為每股 49.88 元，以近五個交易日興櫃價格來計算，與公開申購承銷價價差約 5 成，等同抽中 1 張可現賺約 2.5 萬元。力積電第二季毛利率 39.5%，隨著漲價效益持續發酵，加上產品組合優化，第三季毛利率攀升至 43.5%，前三季每股純益 3.07 元。力積電表示，近一年來每季都會小量增加產能，最大化產出，加上持續調漲價格，在產能增加、漲價效益帶動下，第四季營運會比第三季好，毛利率將持續向上，全年衝破 40%。,"[['力積電公開申購', '超過', '105萬筆中籤率'], ['申購數量', '達', '筆相當於中籤率萬 8611'], ['筆', '相當於', '中籤率'], ['，', '相當於', '中籤率'], ['積電', '爲', '承銷'], ['投標數量', '達', ' 張'], ['價格', '爲', '63.52 元'], ['發行價', '爲', '49.88 元'], ['第三季毛利率', '攀升至', '43.5%'], ['前三季每股', '純益', '3.07元']]"
0,20211129_1117,國際廢鋼止跌回升 豐興盤價連二周持穩鋼筋廠豐興 () 今 (29) 日開出本周盤價，在國際廢鋼反彈、國內鋼筋產銷持續暢旺下，本周開出平盤、連二周持穩；豐興認為，在冬季影響國際廢鋼供給下，後續行情走勢將趨穩。豐興表示，國際廢鋼在經歷 11 月上旬的修正後築底，加上北半球進入冬季，主要廢鋼出口國採集、報價量減少，在運輸仍吃緊的因素下，預計廢鋼走勢將維持堅挺。國際行情來看，日本 2H 廢鋼每公噸上漲 10 美元或 2.08%，來到 490 美元；美國貨櫃廢鋼則漲 5 美元或 1.1%，每公噸來到 460 美元；澳洲鐵礦砂每公噸 91.75 美元，漲至 95.55 美元 / 噸。國內市場方面，豐興表示，年底進入建案、工地趕工旺季，加上公司在夏季限電結束後，鋼筋維持產銷暢旺，也支撐盤價表現；目前豐興廢鋼收購價每公噸 1.17 萬元、鋼筋牌價每公噸 2.23 萬元、型鋼基價 2.65 萬元。,"[['豐興盤價', '開出', '本週盤價'], ['豐興', '認爲', '後續行情走勢趨穩'], ['冬季', '影響', '國際廢鋼供給'], ['豐興', '表示', '預計廢鋼走勢維持堅挺'], ['廢鋼走勢', '維持', '堅挺'], ['2H廢鋼', '上漲', '10 美元'], ['貨櫃廢鋼', '漲', '5美元'], ['每公噸', '來到', '460美元'], ['豐興', '表示', '進入建案旺季'], ['鋼筋', '維持', '暢旺']]"
0,20211129_1118,下游產銷挑戰多 華新12月盤價終止連7漲開平盤華新麗華 () 今 (28) 日開出 12 月不銹鋼盤價，儘管原物料價格維持高檔，考量客戶運輸成本墊高、出貨不順，面臨高單價庫存去化等挑戰，因此華新決議牌價維持平盤，終止連 7 個月漲勢。華新表示，11 月屢創新高，大宗原物料價格未受到影響下跌，此外，北美鋼廠 12 月合金上漲 127 美元，顯示整體鋼廠 12 月成本仍高於 11 月。原物料價格維持高檔下，華新認為，下游客戶面臨運輸成本居高不下與出貨不順衝擊，短時間難以解決高單價庫存現象；而不鏽鋼盤價持續上漲，恐影響客戶接單並喪失競爭力，產品全面平盤開出。華新指出，不銹鋼盤價秉持反應成本為原則，為求產業共好，12 月牌價將與客戶共體時艱，維持平盤。另外，華新印尼鎳生鐵廠電力系統預計 12 月完工啟用，產線將逐步擴大，目標明年第一季達到滿載、全產全銷，單季約 7500 噸，此外，華新持有印尼鎳生鐵廠股權，從 50% 攀升至 92%，獲利同步增加。,"[['漲開平盤', '開出', '不鏽鋼盤價'], ['原物料價格', '維持', '高檔'], ['面臨高單價庫存', '去', '化'], ['牌價', '維持', '平盤'], ['華新', '表示', '高'], ['原物料價格', '受到', '影響下跌'], ['12月合金', '上漲', '127美元'], ['12月成本', '高於', ' 11月'], ['原物料價格', '維持', '高檔下'], ['華新', '認爲', '運輸成本居高'], ['不鏽鋼盤價上漲', '影響', '接單'], ['華新', '指出', '不鏽鋼盤價秉持反應成本'], ['不鏽鋼盤價', '秉持', '反應成本'], ['電力系統', '預計', '完工'], ['華新', '持有', '鎳生鐵廠股權']]"
0,20211129_1119,網家領投 新創愛酷智能完成B輪募資獲600萬美元行銷科技新創愛酷智能科技 (AccuHit) 今 (29) 日宣布完成新一輪 B 輪募資，由網家 () 領頭，創新工業技術移轉 (ITIC)、恆隆行、原 A 輪投資人跟投，合計新一輪募資共獲得 600 萬美元(約 1.67 億元) 資金，將用於強化技術研發、成立雲端中心及品牌營運中心。愛酷智能 2018 年創立，2020 年由新安東京海上產險、國發基金等投資人投資，加上本次 B 輪，累計募資金額已超過 3 億元。針對本次募得資金運用，愛酷智能表示，將成立雲端中心協助企業資料整合上雲、掌握數據，也認為未來每一家公司都將成為數據公司，同時也規劃建立品牌營運中心整合 MarTech 生態系。展望未來，愛酷智能指出，將持續朝產品研發、行銷科技顧問導入等雙軌策略布局，推展 MarTech，目前服務已超過 200 家中大型企業客戶，產業別涵蓋科技、保險、零售、金融等。愛酷智能進一步說明，本輪投資夥伴均積極透過數據、科技轉型升級的領導品牌，凸顯市場看好行銷科技發展，將持續以數位指紋碼歸戶、人工智慧等多項專利，結合數據整合經驗，也將參與網家 (PChome) 提供的商品推薦與數據應用等多元服務。,"[['網家領投新創愛', '完成', '新創愛酷智能科技AccuHit完成B新一輪宣佈輪募資'], ['B輪募資', '獲', '行銷科技'], ['募資金額', '超過', '3億元'], ['本次', '募', '得'], ['每一家公司', '成爲', '數據公司'], ['服務', '超過', '大型企業客戶'], ['投資夥伴', '透過', '領導品牌']]"
0,20211129_1120,〈富邦財經論壇〉羅瑋：變種病毒添變數 升息腳步有三套劇本富邦金 () 今 (29) 日舉行「2022 富邦財經趨勢論壇」，首席經濟學家羅瑋表示，新變種病毒 Omicorn 雖然來勢洶洶，但目前尚不需過度擔憂，不過疫情依舊是變數，美國升息腳步將有三種情境假設，不過整體來說，明 (2022) 年全球金融盛宴已近尾聲。羅瑋表示，影響明年全球經濟與金融市場的關鍵因素包括：Covid-19 疫情發展、各國經濟復甦速度、主要央行貨幣政策動向。雖然對 2022 年全球經濟與金融市場展望抱持正面，但仍須密切關注通膨、中國經濟結構轉型、金融市場震盪三大變數。受到 Delta 變種病毒影響，市場原先對歐美國家解封後出現報復性消費的預期落空，隨著新興市場國家疫情升溫，各國採取嚴格的防疫措施，讓全球供應鏈失序問題更加嚴重。由於供需失衡需要時間緩解，因此物價持續增長期間超出主要央行原先預期，迫使各國央行提早調整貨幣政策方向。此外，歐美國家開始施打第三劑疫苗，新興市場國家取得疫苗的時程因而進一步延遲，各國經濟好轉速度出現落差，導致明年全球經濟不均衡復甦。隨著上周再度爆出全新變種病毒株 Omicron，羅瑋表示，儘管外界傳出 Omicron 傳播力相當強，但目前來看，重症和死亡病例不像過去那麼高，因此尚不需過度擔憂；但疫情是否反覆仍是影響全球經濟的變數。羅瑋表示，因為各國經濟復甦速度不一、央行政策落差，加上 Fed 啓動升息時程預期不同，明年可以假設三種不同經濟情勢。一是疫情獲得控制，Fed 於 2022 年下半年升息，各國放寬出入境管制，服務性活動復甦可望支撐美國經濟成長，下半年亞洲內需、旅遊活動將陸續恢復。羅瑋表示，一旦發生第一個情境，也就是明年下半年升息，美元明年上半年將隨 Fed 貨幣正常化而走強，但下半年可能因 ECB 升息預期而轉弱；而部分，強勁經濟基本面將推升走強。情境二是 Fed 於 2023 年上半年升息，美國經濟持續復甦，但新興市場消費動能恢復緩慢，中國經濟出現疲態，亞洲國家出口增長放緩。三是疫情反覆衝擊經濟，Fed 於 2023 年下半年升息，主要國家經濟復甦動能將放緩，新興國家投資及消費增長走弱，美元則會因避險需求走高。投資面部分，羅瑋表示，2022 年股優於債的局面依然不變。股票市場方面，隨著資金盛宴接近尾聲，通膨預期升溫，企業獲利成長空間縮小，各國股市全面上揚的可能性大幅下降，但仍可以留意特定國家、產業及個別企業。如果全球復甦步調落差縮小，隨著市場資金尋求較高的報酬率，歐亞及新興市場將有較佳的表現機會。債市方面，羅瑋指出，「通膨是債券市場最大敵人」，需留意各國物價走勢與央行因應措施。由於各種債券利差極為狹窄，因此需保持高度警覺，留意市場動向，防範殖利率出現急速彈升。因為發行量減少，而配置盤資金數量相當龐大，使得公司債市場可以獲得一定程度的支撐。至於匯價明年走勢，羅瑋認為，台灣經濟和金融相對穩健，明年匯價依然相對強勢，匯率區間預估落在 27.4~28.6 元間。而台灣的 GDP 預估在 3.1~3.8%。,"[['三套劇本富邦金', '舉行', '2022富邦財經趨勢論壇'], ['首席經濟學家羅瑋', '表示', '不需擔憂'], ['疫情', '是', '變數'], ['腳步', '有', '三種情境假設'], ['金融盛宴', '近', '尾聲'], ['羅瑋', '表示', '關鍵因素包括'], ['展望', '抱', '正面'], ['市場', '出現', '預期落空'], ['各國', '採取', '防疫措施'], ['歐美國家', '開始', '施打第三劑疫苗'], ['新興市場國家', '取得', '疫苗'], ['新興市場國家', '取得', '疫苗'], ['好轉速度', '出現', '落差'], ['歐美國家開始施打第三劑疫苗', '導致', '均衡復甦'], ['變種病毒株Omicron', '表示', '不需擔憂'], ['反覆', '仍是', '影響全球經濟變數'], ['羅瑋', '表示', '假設經濟情勢'], ['一', '是', '疫情獲得控制'], ['疫情', '獲得', '控制'], ['各國', '放寬', '出入境管制'], ['羅瑋', '表示', '轉弱'], ['二情境', '是', '新興市場消費動能恢復'], ['中國經濟', '出現', '疲態'], ['三', '是', '疫情衝擊經濟'], ['疫情', '衝擊', '經濟'], ['羅瑋', '表示', '股優於債局面不變'], ['股', '優於', '債'], ['股', '優於', '債'], ['資金盛宴', '接近', '尾聲'], ['歐亞', '有', '表現機會'], ['羅瑋', '指出', '通膨是最大敵人'], ['通膨', '是', '最大敵人'], ['羅瑋', '認爲', '穩健'], ['匯率區間預估', '落在', '27.428.6元間'], ['臺灣GDP預估', '在', '3.13.8%']]"
0,20211129_1121,11月我消費者信心連4跌 購買耐久財逆勢創1年新高中央大學台灣經濟發展研究中心今 (29) 日公布 11 月消費者信心指數 (CCI) 調查總指數為 73.33 點，月減 0.93 點，呈現連 4 跌，6 項指標中仍有 3 項指標上升，又以購買耐久性財貨時機上升 3.7 點最多，並創去年 12 月以來新高，反映在五倍振興券的措施帶動下，再加上民眾對通膨壓力的預期，購入耐久財的意願轉強。台經中心表示，11 月上升幅度最多的指標是「未來半年購買耐久性財貨時機」，調查結果為 120.50 點，月升 3.7 點，其次為「未來半年投資股票時機」48.8 點，月升 1.4 點，近 4 個月來均處在 48 點附近整理。而「未來半年國內就業機會」 66.6 點，月升 0.05 點，為 3 個月來高點，顯示本土疫情對就業市場的衝擊趨緩。而下降幅度最多的指標是「未來半年家庭經濟狀況」，本次調查結果為 81.95 點，月減 5.15 點，並創去年 11 月以來低點。「未來半年國內物價水準」為 35.45 點，月減 3.35 點，更創去年 6 月以來新低，反映國內民生物價高漲和國際通膨壓力。而下降幅度最少的指標是「未來半年國內經濟景氣」 86.7 點，僅月減 2.2 點，但今年下半年以來多呈現下降的趨勢。另外，「購買房地產時機」指標上，本月調查結果為 119.5 點，月升 3.55 點，是指數自去年 4 月創編以來的最高，反映國內房市買氣熱絡。,"[['總指數', '爲', '73.33點'], ['，', '購入', '耐久財'], ['購入耐久財意願', '轉', '強'], ['臺經中心', '表示', '最多指標是購買財貨時機'], ['最多指標', '是', '購買財貨時機'], ['調查結果', '爲', '120.50點'], ['月升', '顯示', '對沖擊趨緩'], ['最多指標', '是', '家庭經濟狀況'], ['調查結果', '爲', '81.95點'], ['物價水準', '爲', '35.45點'], ['最少指標', '是', '86.7景氣點'], ['「', '購買', '房地產時機'], ['調查結果', '爲', '119.5點'], ['指數創編以來最高', '反映', '買氣熱絡']]"
0,20211129_1122,薪轉戶金融卡驚傳遭集體盜刷 中信銀回應了台中某公司傳出申辦中信金 () 旗下中信銀薪轉戶，金融卡卻集體遭盜刷事件，對此，中信銀今 (29) 日回應表示，已積極處理退刷並幫忙客戶換卡，並沒有財務損失。中信銀表示，本案疑為不法人士隨機惡意測試客戶卡號、卡片有效日期等資料於網站冒用交易，經該行主動偵測察覺異常聯繫通知客戶。該行依國際信用卡公司規範進行爭議帳款處理作業，持卡人無需繳納冒用款項，且為保障客戶用卡安全，已積極協助客戶更換新卡，以維護客戶權益。為確保客戶用卡安全，中信銀呼籲消費者，隨時留意銀行消費訊息通知，並確實核對每月銀行寄送的對帳單，若有不明消費應立即向銀行反應。對於來路不明網站、連結、郵件，勿輕易登入或留存個人及卡號資訊，若有綁定卡號之個人網路帳號，應不定期更換密碼，以確保帳號資料安全。,"[['集體盜刷中信銀', '回應', '某公司傳出申辦中信金'], ['某公司', '傳出', '申辦中信金'], ['金融卡', '遭', '盜刷事件'], ['客戶', '換', '卡'], ['中信銀', '表示', '疑爲等卡號資料'], ['疑', '爲', '等卡號資料'], ['疑', '爲於', '冒用交易'], ['該行', '進行', '爭議帳款處理作業'], ['持卡人', '無需', '繳納冒用款項'], ['中信銀', '呼籲', '留意消費訊息通知'], ['有網路帳號', '綁定', '卡號']]"
0,20211129_1123,太景-KY抗生素新藥通過俄羅斯查廠 最快一年完成藥證審查太景 - KY() 今 (29) 日表示，旗下抗生素新藥太捷信 (奈諾沙星) 靜脈輸液，通過俄羅斯 GMP 標準生產查核，後續待俄羅斯衛生部 (MOH) 審查相關文件，最快一年完成審查並取得藥證。太景開發的抗生素新藥太捷信，透過合作夥伴 R-Pharm 於去年底提出上市許可申請 (NDA)，同時著手籌備 GMP 查廠作業的相關數據及資料；今年第二季初俄羅斯主管機關工業貿易部 (MIT) 進行生產製造廠的 GMP 查廠作業，查核重點涵蓋製程、設施、設備、原料藥、包材及品質管制等，查核結果無重大缺失。太景合作夥伴 R-Pharm 已取得俄羅斯 MIT 核發的 GMP 證書，後續待羅斯衛生部完成 NDA 相關法規文件審查後，太捷信靜脈輸液將能取得上市許可並在俄羅斯啟動銷售。太景指出，依一般法規流程來看，藥品上市許可審核作業約需 1-2 年，但在新冠疫情影響下，審查時間可能拉長。太景提到，受到疫情影響，此次 GMP 查廠採取視訊模式，將軟袋生產流程、原物料驗收、儲存、放行等接收程序，以及空調系統管控、品保與品管等相關流程事先拍成影片後，再交給審查委員審評。董事長黃國龍表示，儘管近兩年在疫情衝擊下，全球各國政府機關運作及工商營運均受到影響，不過公司持續與合作夥伴召開雙邊籌備會議，並陸續完成上市申請計畫，通過查廠。,"[['KY抗生素新藥', '查', '廠'], [' 日', '表示', '靜脈輸液'], ['合作伙伴RPharm', '提出', '上市許可申請NDA'], [')MIT', '進行', '查廠作業'], ['查覈', '涵蓋', '等製程'], ['查覈結果', '無', '重大缺失'], ['合作伙伴RPharm', '取得', 'GMP證書'], ['羅斯衛生部', '完成', '文件審查'], ['太捷信靜脈輸液', '取得', '上市許可'], ['太景', '指出', '審查時間拉長'], ['許可審覈作業', '需', '1-2年'], ['太景', '提到', '受到疫情影響'], ['GMP查廠', '採取', '視訊模式'], ['董事長黃國龍', '表示', '公司召開雙邊籌備會議'], ['各國政府機關運作', '受到', '影響'], ['公司', '召開', '雙邊籌備會議']]"
0,20211129_1124,〈台股盤中〉多空激烈拉鋸一度翻紅 高低點相差200點隨著美股期指反彈，亞股今 (29) 日恐慌氣氛緩和不少，台股以下跌 49 點開出，早盤跌點雖逐漸擴大，一度重跌 200 點，最低來到 17167 點，觸及季線，但隨後撐盤力道湧現，急拉甚至翻紅，盤中多空激烈拉鋸，高低價差達 204 點，預估成交值略放大至近 3700 億元。防疫族群再度成為資金避風港，恆大、康那香、美德醫療 - DR、熱映、ABC-KY 等均亮漲停燈號，優盛、雃博和南六漲 9% 上下，豪展漲 4%，新麗漲 3%，花仙子和美吾華處紅盤上。由於海運供應鍊恐因疫情再起，造成塞港更嚴峻，有望使運價再上調，長榮漲逾 2.5%，陽明和萬海也漲近 2%。不過，航空股再度首當其衝，華航和長榮航均跌逾 8%。日前轉強的鋼鐵族群續弱，建錩跌半根停板，運錩、有益、威致、強新、高興昌、大成鋼、中鴻、佳大、中鋼構、盛餘、燁興、春源和官田鋼跌 3% 上下。而電子族群早盤賣壓相對高，其中，在下挫的壓力下，板卡族群同步修正，麗臺、映泰和技嘉跌半根停板左右，青雲、撼訊跌 4% 上下，精英跌 3.5%，微星跌 2% 左右。光通訊相關業者中，聯光通跌 8%，統新跌近半根停板，台通和波若威跌逾 3%。變壓器業者中，環科跌逾 7%，聯昌和耀勝跌逾 3.5%。類比 IC 族群表現弱勢，茂達和偉詮電均跌超過半根停板，類比科和通嘉跌逾 3%，虹冠電、富鼎和致新也跌超過 2%。統一投顧指出，時序即將步入 12 月，近 10 年指數上漲機率達 90%，可望帶動股市信心，搭配年底集團和法人作帳，指數短線急跌後可望跌深反彈。宏遠投顧也認為，受到美國對中國部分企業列入黑名單、聯準會可能提早升息、新變種病毒傳染力更勝 Delta 病毒等因素影響，11 月中下旬台股大盤和個股漲多大幅修正，不過，或將有利 12 月台股作帳行情，惟預期，今年底集團作帳、主力大戶作帳、投信作帳，可能出現在三大法人幾乎沒有多少持股的傳產漲價股和少數價值低估的電子股。,"[['防疫族羣', '成爲', '資金避風港'], ['長榮', '漲逾', '2.5%'], ['華航', '跌逾', '8%'], ['精英', '跌', '3.5%'], ['環科', '跌逾', '7%'], ['聯昌', '耀勝跌逾', '3.5%'], ['類比科', '嘉跌逾', '偉詮電均跌超過半根停板'], ['時序', '步入', '12月'], [' 10 年指數上漲機率', '達', '90%'], ['美國', '列入', '黑名單'], ['將', '有利', '12'], ['集團', '作', '帳'], ['三大法人', '沒有', '多少持股'], ['幾乎', '沒有', '多少持股']]"
0,20211129_1125,雙鴻明年各產品線全線成長 上調展望營收估增20%散熱廠雙鴻 () 董事長林育申表示，明年各產品線都將保持成長，其中，今年較弱的手機熱板 (VC) 需求，配合韓系客戶明年新機發表，本季拉貨動能迅速加溫，加上商用筆電、顯卡、基地台與車用等需求成長，內部已上調明年營收成長目標，法人估從 15% 上調至 20%。林育申指出，手機業務近年在疫情影響下，加上中國客戶受貿易戰衝擊，整體需求不如預期，今年手機產能利用率最低僅 20%，月產能降至 100-200 萬台，隨著非蘋手機品牌廠計畫陸續導入 VC，本季也開始配合韓系客戶出貨，樂觀看待明年成長幅度，估最快明年 3 月月產能將回升至 500-600 萬台水準。林育申也補充，手機設備折舊已陸續攤提完畢，對明年營運將有一定挹注。散熱廠原本看好隨著 5G 手機大量問世後，散熱需求將大幅提升，其中 VC 可望成為中高階手機標配，但今年碰上疫情衝擊手機需求，導致部分品牌廠在今年新機上仍沿用價格較低的石墨片或小量熱管，以韓系手機品牌大廠為例，今年新機就未導入 VC，但據悉，明年新機規劃重新導入 VC。除手機外，林育申說，明年筆電在商務型需求帶動下，可望保持個位數成長幅度，影像處理所需的顯示卡同樣在電競、挖礦熱潮延續，加上元宇宙商機助推下保持成長，明年資料中心、基地台等散熱需求也不看淡。此外，雙鴻車用布局也將逐步發酵，林育申表示，目前與客戶合作開發的案子至少有 10 幾個，現階段希望將客群坐大，正持續配合國內車用電子廠參與車機、產品設計，而目前車用散熱主要由中國、泰國廠出貨，未來是否配合客戶赴墨西哥設廠則仍未定案。林育申指出，車用產品第四季比重仍低，但逐季成長趨勢不變，因車用產品生命週期至少 5-7 年、布局發酵時間也多需 2-3 年，雙鴻已在車用領域至少布局 4 年多，隨著客戶放大、產品疊加，未來成長動能可期。,"[[' 董事長林育申', '表示', '各產品線保持成長'], ['各產品線', '保持', '成長'], ['本季', '拉', '貨'], ['林育申', '指出', '手機業務加上中國客戶受貿易戰衝擊'], ['手機業務', '加上', '中國客戶受貿易戰衝擊'], ['中國客戶', '受', '貿易戰衝擊'], ['整體需求', '不如', '預期'], ['散熱廠', '看好', '隨著'], ['其中VC', '成爲', '手機標配'], ['碰上疫情', '導致', '品牌廠沿用低石墨片'], ['品牌廠', '沿用', '低石墨片'], ['新機', '導入', ' VC'], ['明年新機規劃', '導入', ' VC'], ['林育申', '說', '明年筆電保持位數成長幅度'], ['明年筆電', '保持', '位數成長幅度'], ['林育申', '表示', '合作案子有10 幾個'], ['合作案子', '有', '10 幾個'], ['林育申', '指出', '成長趨勢不變'], ['發酵時間', '需', '2-3年']]"
0,20211129_1126,【龍哥講股教室】病毒風暴更快速清洗籌碼 太陽能持續閃耀這兩天病毒影響全球股市出現大幅度回測，不過大家自己去看過往經驗，只要是病毒造成的股市下跌，後面都會很快漲回來，甚至加倍奉還，因為股市對於病毒已經有經驗了，不像去年疫情剛爆發的時候，完全沒有遇過，才會影響較久的時間，這時候就是觀察止跌訊號，目前台股拉出長下影線，有初步止跌訊號，不過一樣按照紀律多看一天，等到明天站穩今天高點才是正式止跌，出現正是止跌訊號再來擴大操作，這時候就是觀察籌碼穩定度，先前股價整理一段時間，但是法人籌碼穩定的話可以留意，例如，智原 ()，強茂()，新唐() 等等，以及今天很強勢的太陽能族群，以下會詳細分析，另外可以關注貨櫃航運，病毒會影響缺櫃塞港等問題難以紓解，貨櫃航運的營收和獲利可望維持，這對於股價就會有保障。龍哥【上上上周】就跟大家分享，接下來要注意太陽能，太陽能中有些是發展第三代半導體；低軌衛星是未來產業趨勢，要用到很多太陽能電池；矽晶圓產能相當吃緊；題材豐富，後面是不是全面轉強了？這才叫做領先市場的分析。矽晶圓可以觀察合晶 ()，環球晶 ()，中美晶 ()，台勝科 ()，第三代半導體關注嘉晶 ()，低軌衛星觀察元晶 ()，大家要記得，太陽能族群現在的題材並不是太陽能本身太陽能賣多好，而是矽晶圓和第三代半導體以及低軌衛星等題材，這些都是未來產業趨勢，要好好關注。先前龍哥就分析，高速傳輸在月線附近要留意，高速就是未來，屬於低檔的元宇宙相關概念，後面就開始攻擊，迅猛龍創惟 () 直接噴出，連續大漲創高，短短大漲 50%，其餘威鋒電子 () 也大漲創高，偉詮電 () 和通嘉 () 都有不錯的表現，可以持續關注，不要追高，拉回找買點。低檔的 Mini Led，未來筆電和電動車會大量採用 Mini Led，相關個股營收的確有提升，今天是不是全面噴出了？龍哥已經跟大家分享兩周了，這才叫做領先市場的分析阿，例如，富采 ()，惠特()，光磊() 狂飆，領先市場佈局就可以簡單享受獲利。盤面上持續熱炒【元宇宙】，簡單講就是虛擬世界，在虛擬世界中可以串連各種服務與平台，彷彿在真實世界當中，由於必須戴著 VR 頭盔甚至皮膚進入虛擬世界，昔日的股王宏達電 () 重振雄風，但是宏達電真的轉虧為盈了嗎？當然還沒有，現在只是題材炒作，元宇宙要成真還需要很多努力，很多平台互相配合，才有機會成真。龍哥常常講，操作題材股，操作強勢股，沒有問題，只是進出場的操作策略要訂定好，嚴格執行，以免有過多的風險，現在漲多的元宇宙個股都在修正乖離，可以留意止穩訊號，宏達電()，威盛()，位速()。盤勢震盪，可以利用期貨和選擇權增加績效，忽然大幅度急殺，尊龍操盤系統照樣沒有缺席，波段空單簡單短短兩天獲利 + 53 萬，完全不需要自己判斷，現在是大數據的時代，讓電腦來執行策略，去除人性更能穩定獲利，歡迎大家一起來追求長期穩定獲利。貨櫃航運和航空：貨櫃航運有轉機，病毒來襲反而讓缺櫃和塞港等問題短時間難以紓解，可望讓貨櫃航運的營收和獲利延續到明年，這對於股價就有保障，這時候可以多關注貨櫃三雄長榮 ()，陽明 ()，萬海 ()；至於航空顛倒過來，病毒來襲反而讓航空業復甦更加遙遠，不過現在有航空貨運部分的獲利支持，等外資賣超告一段落再說，想要了解更詳細的操作，建議看龍哥節目會更了解 ()。電子：MCU 產業面還是供不應求，車用市場持續熱絡，高階的 32 位元 MCU 會越用越多，新唐 () 法說提到不受低價搶單的影響，先前跟大家分析，新唐利空測試月線，可以好好觀察止跌機會，現在守穩月線，站穩 144 元會更有空間，大家每天可以鎖定龍哥的節目()。，會有詳細的分析。龍哥 5 次操作新唐，領先市場提早佈局，簡單享受獲利，累積獲利 + 200%，這是賺兩倍的概念，100 萬就變成 300 萬，夠漂亮吧。龍哥一直說，下半年看半導體概念，從先進製程中找到載板，從成熟製程中找到車用二極體。ABF 載板部分，欣興 9 月營收超級好，基本上載板今年的需求甚至到明年的訂單都沒什麼問題，持續關注景碩 ()，南電() 和欣興()，載板在整理的過程中籌碼很穩定，後面上漲機率大。二極體的股價經歷兩三個月的回測整理，籌碼乾淨，從營收和獲利來看，今年到明年的訂單狀況以及獲利都還是會很好，車用二極體隨著電動車的銷量成長，產業需求非常強勁，供不應求，強茂 ()，台半()，程朋() 和德微 () 大漲後回測月線，觀察止跌狀況，以強茂為例，站穩 104.5 元有底部型態。晶圓代工訂單滿，誰下單給晶圓代工？答案就是 IC 設計，基本上到年底的需求還是很滿，主流股地位不變，注意高速傳輸 IC 和矽智財 IP。高速傳輸 IC，未來什麼東西都要高速，像手機網路速度從 3G 到 4G 再到 5G，傳輸速度要從 USB2.0 到 USB3.0 再到 USB4.0，今年就是高速元年，元宇宙需要高速傳輸，一定要關注，迅猛龍 - 創惟 () 連續創高，威鋒電子 () 跟上創高，譜瑞 () 創高，偉詮電 () 和通嘉 () 都大漲，領先市場佈局是不是就可以簡單享受獲利？矽智財 IP，後面很多公司的授權金都會越收越多，毛利率又高，獲利成長空間大，看看龍哥的矽智財之王－世芯 ()，8 月份大盤在整理一路下跌，但是世芯股價創高，龍哥就說了，這就宣告了矽智財就是未來的主流，現在一個多月過去了，是不是全部驗證了？股價從 550 元漲到 1325 元，大漲 140%，龍哥一路以來不管漲跌，都說續抱，後面 1150 元出清也直接公開講，這才是大獲利；後面又佈局 IP 鱷魚－智原 ()，股價從 100 元漲到最高 219 元，大漲 119%；跟著龍哥領先市場佈局，就能夠簡單享受獲利；其餘像創意 ()，力旺 ()，M31()，愛普 ()，矽智財受到美國政策利空影響，很多個股有較大的回測，之前龍哥就有跟大家分析目前矽智財籌碼較亂，要等待觀望，現在用利空測試支撐，當然不急著進場，等待止穩再說。車用：電動車是未來的趨勢，商機非常大，所以車用相關都要長期關注，例如，電動車的心臟－電池，電動車沒有電池還叫電動車嗎？電動車銷量成長，趨勢向上的話，電池的銷量一定往上走，獲利就會很好。龍哥一直一直說，電池就是未來的主流，10/8 又重新跟大家分析，資金會輪動回電動車，後面電池股全面噴出，龍哥有公開，帶領會員朋友佈局聚和，大賺 50%，電池目前技術面不佳，需要時間尋求支撐，關注正極材料美琪瑪 () 和康普 () 以及電解液大廠聚和()。其餘像導線架，連接線，CIS 感測相關都可以關注，例如，順德 ()，健和興 ()，同欣電 ()。搶錢計畫持續搶錢，錯過前面的世芯，智原，晶焱真的很可惜，後面龍哥又公開二極體的強茂，慢慢漲，後面直接噴出漲停，一路驗證，龍哥帶會員朋友佈局迅猛龍－創惟敏捷又跑得快，高速就是未來，持續狂奔；暗黑蝙蝠終於要迎接光明；太陽烏龜慢慢往上爬；不要再錯過獲利了。《獲得更多「獨家」盤中資訊》【FB 粉專】【Line ID：@lung1688】【Telegram】【Instagram】留言跟龍哥互動：TG：LINE：FB：【龍哥 Youtube】(110) 金管投顧字第 009 號，本公司不保證獲利，投資人應獨立判斷，審慎評估並自負投資風險。 永誠國際證券投資顧問股份有限公司 蘇建豐分析師客服專線：02-25415555,"[['這兩天病毒', '影響', '全球股市出現回測'], ['全球股市', '出現', '回測'], ['大家', '看過', '往經驗'], ['股市', '有', '止跌訊號'], ['臺股', '拉出', '下影線'], ['病毒', '影響', '等缺櫃塞港問題'], ['這', '有', '保障'], ['有些', '是', '發展第三代半導體'], ['低軌衛星', '是', '產業趨勢'], ['這', '叫做', '領先分析'], ['這叫做領先分析', '領先', '市場'], ['矽晶圓', '觀察', ')()'], ['大家', '記得', '現在題材不是多好'], ['現在題材', '不是', '多好'], ['這些', '都是', '產業趨勢'], ['龍哥', '分析', '傳輸'], ['高速', '就是', '未來'], ['短短', '大漲', '50%'], [' )', '有', '不錯表現'], ['筆電', '採用', 'Mini'], ['相關個股營收', '有', '提升'], ['這', '叫做', '領先市場分析'], ['富', '採', '惠特'], ['皮膚', '進入', '虛擬世界'], ['昔日股王宏達電', '重振', '雄風'], ['大家', '追求', '獲利'], ['貨櫃航運', '有', '轉機'], ['這', '有', '保障'], ['車用市場', '持續', '熱絡'], ['法說', '提到', '不受低價搶單影響'], ['測試月線', '觀察', '止跌機會'], ['元會', '更有', '空間'], ['大家', '鎖定', '龍哥節目'], ['這', '是', '兩倍概念'], [' 萬', '變成', '300 萬'], ['龍哥', '說', '找到載板'], ['今年需求', '沒', '什麼問題'], ['答案', '就是', 'IC設計'], ['什麼東西', '要', '高速'], ['傳輸速度', '到', '高速元年'], ['元宇宙', '需要', '傳輸'], ['市場佈局', '享受', '獲利'], ['這', '宣告', '矽智財就是未來主流'], ['矽智財', '就是', '未來主流'], ['這', '纔是', '大獲利'], ['其餘', '像', ')(創意'], ['矽智財', '受到', '美國政策利空影響'], ['很多個股', '有', '較大回測'], ['電動車', '是', '未來趨勢'], ['電動車心臟', '叫', '電動車'], ['龍哥', '說', '電池就是未來主流'], ['電池', '就是', '未來主流'], ['資金', '回', '電動車'], ['龍哥', '有', '公開'], ['龍哥', '公開', '二極體強茂'], ['迅猛龍', '帶', '會員'], ['高速', '就是', '未來'], ['暗黑蝙蝠', '迎接', '光明'], ['本公司', '保證', '獲利']]"
0,20211129_1127,〈財委會質詢〉Omicron衝擊台股失守半年線 財長：目前還不至於動用國安基金新型變種病毒 Omicron 衝擊全球股市，台股今 (29) 日早盤重挫逾百點失守半年線，市場關注國安基金是否進場護盤，對此財政部長蘇建榮表示，國安基金密切關注變種病毒對金融市場的影響，目前還不至於動用國安基金進場。立法院財委會今天審查財政部與所轄相關單位中華民國 111 年度預算案，蘇建榮上午前往立院列席備詢時，針對疫情對股市的衝擊做上述回應。蘇建榮說，受新型變種病毒影響，歐美部分國家可能再度採取鎖國政策，包括美股三大指數，德國、英國等股市上周五全都重挫，其中美股更大跌 900 多點，可能是今年以來單日最大跌幅。蘇建榮表示，國安基金在上周新型變種病毒之際就密切關注疫情對股市的影響。他認為，就算是 5 月本土疫情最嚴峻的時期，台灣的實體經濟仍然暢旺，且就算有新型變種病毒，指揮中心也會有適當的措施應對，讓經濟活動穩定，屆時也可避免對股市造成太大的衝擊國民黨立委曾銘宗質詢時問，官股券商有沒有進場？國安基金是否會考慮進場？蘇建榮說，不清楚官股券商是否進場，目前國安基金還不至於進場，但已經密切注密國際股市動態。曾銘宗追問，根據《國家安定基金設置及管理條例》第八條規定，國安基金是否進場是根據股市的價或量？蘇建榮對此回應，國安基金主要還是看價格，當價格下跌過於厲害，導致量縮造成流動性問題，國安基金委員會就會召開委員會，討論是否進場。,"[['衝擊臺股', '失守', '半年線財長'], ['新型變種病毒Omicron', '衝擊', '全球股市'], ['百點', '失守', '百點'], ['市場', '關注', '國安基金進場'], ['財政部長蘇建榮', '表示', '進場'], ['國安基金', '關注', '對影響'], ['立法院財委會', '審查', '年度預算案'], ['蘇建榮', '往', '立院'], ['前', '往', '立院'], ['蘇建榮', '說', '歐美部分國家採取鎖國政策'], ['歐美部分國家', '採取', '鎖國政策'], ['蘇建榮', '表示', '國安基金關注對影響'], ['國安基金', '關注', '對影響'], ['他', '認爲', '暢旺'], ['指揮中心', '有', '適當措施應對'], ['股市', '造成', '曾銘宗質詢'], ['國安基金', '會考慮', '進場'], ['蘇建榮', '說', '注密國際股市動態'], ['曾銘宗', '追問', '國安基金進場是根據'], ['國安基金進場', '是', '根據'], ['國安基金', '看', '價格'], ['價格下跌', '導致', '量縮造成流動性問題'], ['量縮', '造成', '流動性問題'], ['國安基金委員會', '召開', '委員會']]"
0,20211129_1128,台股大跌200點失守半年線 離跌破季線僅一步之遙新變種病毒 Omicron 來勢洶洶，美股上周五暴跌，台股今 (29) 日開盤持續跳空下殺，在電子三雄同步走弱下，台塑四寶及金融權值股也無力撐盤，盤中跌幅持續擴大，大跌超過 200 點，失守 17200 點及半年線，最低下探至 17167 點，距離跌破季線 17164 點僅一步之遙。美股上周五遭遇大屠殺，盤中一度暴跌逾 1000 點，終場收黑逾 900 點，指數也大跌 353 點，指數同步下跌 112.9 點，全盤皆墨。電子權值股表現雖持續弱勢，但跌幅已較上周五收斂，台積電、鴻海同步下跌約 0.5%，聯發科也下挫 0.6%，聯電、台達電、日月光投控、廣達、南電均處於盤下。航海王今日乘風破浪，再度揚帆啟航，長榮上漲逾 2.5%，陽明、萬海、裕民漲幅都超過 1%。但受新病毒來襲衝擊，市場憂心恐影響航空業復甦動能，長榮航、華航再度重摔，大跌超過 8%。資金持續湧入防疫概念股，毛寶、熱映、恆大、亞諾法、合世、康那香再飆漲停，雃博、南六、優盛、易威、天良也大漲超過 8%，國光生、中化生、南帝也一片紅通通，網購雙雄網家、富邦媒勁揚逾 3%。,"[['指數', '大跌', '353點'], ['指數', '下跌', '112.9點'], ['電子權值股表現', '持續', '弱勢'], ['聯發科', '下挫', '0.6%'], ['聯電', '處於', '盤下'], ['陽明漲幅', '超過', '1%'], ['市場憂心恐', '影響', '復甦動能'], ['資金', '湧入', '防疫概念股']]"
0,20211129_1129,權證投資人一定要了解的 外資賣超個股標的TOP5受到新變種病毒 Omicron 來襲、美國聯準會（Fed）立場恐偏鷹派等利空因素，11/26（五）台股終場大跌 284.8 點，以 17369.39 點作收。從 26 日權證市場概況來看，認售權證成交金額占比高達 7.03%，為近五個交易日最高，反映出大盤大跌時投資人的看空心態。觀察外資買轉賣個股，南電 ()、亞德客 - KY ()、申豐 ()、富邦上証正 2 ()、嘉里大榮 () 皆入榜。權證具有多空皆可操作、靈活度高的特性，即便是大盤下跌，投資人亦可以選擇認售權證參與現股跌幅行情，只要看對方向也有機會獲利，針對前述標的，建議投資人可選擇南電群益 15 售 05 (03070P)、亞德客群益 14 售 01 (07765P)、申豐群益 13 售 01 (07860P)、上証 2X 群益 13 售 01 (07937P)、大榮群益 13 售 03 (08295P) 等價內 5%~ 價外 20% 之長天期認售權證進行布局。註：單位萬元；正數代表看多，負數代表看空。了解更多權證資訊,"[['TOP5', '受到', '利空因素'], ['臺股', '大跌', '284.8點'], ['權證', '具有', '操作多空特性'], ['可', '操作', '多空'], ['投資人', '選擇', '認售權證'], ['投資人', '選擇', '售14售']]"
0,20211129_1130,櫃買中心偕7創櫃板公司 參加「2021 Meet Taipei」媒合曝光成果豐碩「2021 Meet Taipei」創新創業嘉年華為期三天於 110 年 11 月 20 滿落幕！共計超過 400 家新創團隊及企業參與盛會，吸引超過上萬人次參觀，櫃買中心為推廣創櫃板及提升創櫃板公司之曝光度!為提升創櫃板公司知名度，協助其推展業務，櫃買中心歷年來定期贊助參加國內重要主題展覽及舉辦業務或投資媒合活動，邀請創櫃板公司參加，提供場域讓公司直接與跨業及同業廠商、消費者及投資人等進行接觸及洽談，希望藉由各類型之活動，為創櫃板公司注入更多成長能量，發掘潛在合作商機，增進公司競爭力。櫃買中心自 103 年起每年參加「Meet Taipei」創新創業嘉年華，今年已邁入第 8 年，各屆活動參展公司家數及到場人次持續增長。櫃買中心特別規劃設置「創櫃新星主題專區」，邀集與本展主題相關之人工智慧、5G、數據智能、軟體服務、手機應用程式、雲端解決方案、行銷科技、醫療科技等領域之廠商，包括宇萌數位 (7406-TW)、樺緯物聯(7455-TW)、卡訊電子(7497-TW)、千才生醫(7521-TW)、華圓設計(7532-TW)、邦柏智慧(7568-TW)、環球睿視(7587-TW) 等 7 家各具特色創櫃板公司共同擺設攤位。11 月 18 日至 20 日展覽活動期間，櫃買中心於主題專區提供專人諮詢服務，向現場蒞臨詢問廠商及民眾介紹創櫃板制度，眾多廠商對創櫃板提供的免費輔導及籌資資源表達高度興趣。櫃買中心表示，創櫃板為扶植未公開發行企業發展，提供輔導與籌資兩大功能。輔導方面，櫃買中心與國內優質會計師事務所合作，協助申請創櫃板企業建置簡易會計及內控制度；提供輔導企業各項主題培訓課程及一對一法律諮詢服務；邀請企業與本中心共同參加國內大型主題展覽或補助企業自行參展之費用；主動為創櫃板公司舉辦業務及投資媒合活動。登錄創櫃板公司還可免費運用創櫃板籌資系統辦理籌資，只要將辦理籌資相關資訊於創櫃板專區揭示 5 個營業日後，投資人即可於創櫃板籌資平台進行認購，籌資公司並可選擇認購之投資人。本次參展之創櫃板公司對於提升公司知名度，拓展公司業務與資金媒合機會確收成效。未來櫃買中心將持續邀請創櫃板公司共同參加國內大型主題展覽，達到協助公司成長與推廣櫃買中心服務之雙重目標。【本文未完，全文詳情及圖表 請見完整內容萬寶週刊 1465 期】更多精彩文章延伸閱讀：◎社長論劍：台股強，有道理◎封面故事：鮑爾連任 半導體為投資要角?◎投資總舖師：生技行情啟動，選誰?◎台股照明燈：被動元件 留意作帳行情◎五福臨門：石英元件 概念股大 PK！,"[['2021Meet Taipei', '創新', '創業嘉年華爲期三天'], ['共計', '超過', '家'], ['新創團隊', '參與', '盛會'], ['櫃買中心', '爲', '推廣創櫃板'], ['櫃買中心', '參加', 'Meet Taipei'], ['櫃買中心', '規劃', '等智慧領域廠商'], ['等7家', '各具', '創櫃板'], ['各具創櫃板公司', '擺設', '攤位'], ['櫃買中心', '提供', '諮詢服務'], ['民衆', '介紹', '創櫃板'], ['衆多廠商', '表達', '高度興趣'], ['櫃買中心', '表示', '發行'], ['創櫃板', '發行', '企業發展'], ['創櫃板企業', '建置', '簡易會計內控制度'], ['投資人', '進行', '認購'], ['籌資公司', '可選擇', '認購投資人'], ['本次參展之創櫃板公司', '確收', '成效'], ['達到雙重目標', '協助', '公司成長'], ['全文詳情', '延伸', '閱讀'], ['鮑爾', '連任', '半導體'], ['鮑爾連任半導體', '爲', '投資要角']]"
0,20211129_1131,生技行情啟動 選誰？財報空窗期正式啟動，從現在到明年 Q1 行情將由小型股作表現，領先大盤攻過前高，股票漲多難免拉回，資金轉由還沒漲到的族群輪動，櫃買市場強中強，除了留意中小電子外，生技股行情亦欲罷不能。近期最飆的藥華藥 () 連飆 6 根漲停板，11 月股價低點 90 元漲到 189.5 元大漲一倍，大漲主因是旗下 Besremi 11/13 獲得美國 FDA 核准使用於成人真性紅血球增多症(PV)，但其實藥華藥 Besremi 早在 2019 年已取得歐洲藥證，韓國藥證也在 10 月獲准上市許可，如今拿下 PV 美國最大市場，商機上看百億，市場想像空間大。1462 期推介過合一 () 同樣具有新藥想像空間，旗下糖尿病足新藥 ON101 速必一同樣是進行多國臨床試驗，今年五月已取得台灣藥證並於 6 月推動上市，目前正積極推動全球藥證許可。中國時程最快於年底前獲得許可，美國市場以醫材 510(k)申請縮短進入美國市場，三期臨床則是持續執行，根據合一臨床結果顯示，速必一能夠顯著促進傷口癒合，加上療程價格具競爭力，能夠每年減少糖尿病照護費用超過 60%。【本文未完，全文詳情及圖表 請見完整內容萬寶週刊 1465 期】更多精彩文章延伸閱讀：◎社長論劍：台股強，有道理◎封面故事：鮑爾連任 半導體為投資要角?◎投資總舖師：生技行情啟動，選誰?◎台股照明燈：被動元件 留意作帳行情◎五福臨門：石英元件 概念股大 PK！,"[['領先大盤', '攻', '前高'], ['股票漲', '難免', '拉回'], ['其實藥華藥Besremi', '取得', '歐洲藥證'], ['韓國藥證', '看', '百億'], ['期推介合一)', '具有', '新藥想像空間'], ['速必一', '是', '進行臨牀試驗'], ['中國時程', '獲得', '許可'], ['美國市場', '申請', '縮短'], ['療程', '價格具', '競爭力'], ['全文詳情', '延伸', '閱讀'], ['鮑爾', '連任', '半導體'], ['鮑爾連任半導體', '爲', '投資要角']]"
0,20211129_1132,11月營收預估創新高個股 你手上有幾檔?以下共有 10 檔營收預估會創新高個股受惠代工價持續漲價，且美系客戶新款手機出貨旺季，季底晶片出貨會較顯著，此外受惠於包括聯發科、高通等 6nm/7nm 仍有許多訂單挹注，加上 8 吋產能漲價因素。因為資本支出提升創造更多高階製程產能有望提升長期獲利預估。■十一月預估營收成長 1-3%。HDI 產線 2021 年第四季仍預估保持滿載生產。且在產品方面，預估 2022 年美系客戶新機規格會與今年有所差異，整體使營運動能維持上漲水準，加上目前美系客戶 NB、平板缺料問題已逐步紓解，對往後營收成長樂觀以對。■十一月預估營收成長 7-9%。因市場需求暢旺，景碩透過去瓶頸化及擴產雙軌並進，今年 ABF 載板產能規畫擴增 30％、BT 載板產能擴增 10％，資本支出估達 100 億元。且 11 月子公司晶碩 () 有望於雙 11 購物旺季下帶動營收增加，2021 年第四季則預估在載板持續調漲價格以及增加產能下，營收獲利持續季增，對往後營收成長樂觀以對。■十一月預估營收成長 6-8%其餘七檔預估營收創高個股記得免費加入 LINE@、Telegram 觀看↓↓↓點此↓↓↓　　　　　　　　Line@搜尋：【@we178】鐘崑禎分析師Telegram 搜尋：【@we178】鐘崑禎分析師投資諮詢電話: 0800-66-8085本公司所推薦分析之個別有價證券無不當之財務利益關係 以往之績效不保證未來獲利投資人應獨立判斷 審慎評估並自負投資風險,"[['你手上', '有', '幾檔'], ['以下', '共有', '創新'], ['高階製程產能', '提升', '長期獲利預估'], ['會', '有所', '差異'], ['NB問題', '紓解以', '對'], ['景碩', '透', '瓶頸化'], ['晶碩)', '有望', '帶動營收增加'], ['創高個股', '記得', '加入'], ['0800-66-8085本公司推薦分析個別有價證券', '無', '財務利益關係'], ['以往績效', '保證', '獲利投資人']]"
0,20211129_1133,操盤手看台股：週日落！未來兩週將有第一波買點美 Fed 偏向鷹派效應持續擴散，市場已在預估今年 12 月或明年 1 月起，Fed 將加快縮減購債的步伐，而近日多家美國投行也將 2022 年利率上調次數預測由原來的 2 次上調到 3 次，顯見隨著通膨高於預期，市場認為 Fed 動作強度會加大。在資金面轉趨保守之際，困擾全球多時的新冠疫情，再度傳出壞消息，非洲出現新型變種病毒 Nu，由於該病毒比 Delta 更強，消息一出，英國隨即暫停非洲六國的班機飛往該國，市場擔憂全球邊境解封恐放緩，進而影響經濟復甦。因應利空衝擊，11/26 日亞洲股市出現全面大跌，台股也大跌近三百點，日 K 線收長黑。 近期提及上周低點 17560 點能否守穩很關鍵，原因在於這關係到週線的多頭架構；如今，由於大盤 11/26 日以長黑摜破前一週低點 17560 點，週線上出現週日落 (當週低點跌破前一週高點，且收盤確認收低) 訊號，等於週線的多頭架構暫告一段落。若以過去經驗來看，今年行情一旦出現週日落訊號，初步會有 3~5 週的整理；在這段時間中，最多出現連續 2 週的整理後，就會有一波反彈出現，故本週或下週可能就有第一波買點出現，接著再看有無主流股領漲。若有主流股領漲，則行情整理 2 週後可望直接上攻；若無主流股現身，則反彈之後，可能再進行 2 週的整理，直到新一波的主流現身。操作上，之前談到今年由於三次攻萬八未果，該處已成為多方壓力，既然無法直接攻克，拉回製造空間也是一種方法。回顧今年 5 月中旬、今年 8 月下旬、今年 10 月上旬等三個好的進場時機，皆是經過一波修正後所出現的買點，這次也不會例外。盤點好手中持股，準備一筆資金很重要。近日權值股承壓，當中晶圓代工的台積電、IC 設計的聯發科，K 線出現六連黑，而在之前撐盤的金融股國泰金也轉弱，壓抑本波指數的意圖很明顯。應對當前行情，觀察什麼股票能夠領先止穩，然後領先上攻很重要；當前「領先」的定義在於當大盤落底之日，什麼股票能夠提前 1~2 日上攻，而當大盤反彈之日，什麼股票能夠領先創波段新高，目前要進一步追蹤。個股上，元宇宙概念仍在擴散，近日資金湧入新股，如抬頭顯示器的大眾控、怡利電，內容的霹靂、必應等，由於相關技術能應用於元宇宙領域，近日續有資金進駐，當前市場對於元宇宙股的態度是「舊不如新」。而擔心疫情衝擊營運的華航及長榮航，由於這一波主漲的是讓第 3 季轉虧為盈的貨運包機，先看市場對於其 11 月營收的反應，至於對於邊境解封的預期心理，短線暫先遞延，這將影響的是上漲的速度 (如進三退一變為進三退二)，而非多空方向。對於一個操盤手而言，由於股票是可以買賣的，各項分析的目的皆是為了選出投資標的，然後擬定進出策略，並非是為了瞭解全世界。若是分析了半天，卻一直得到不要追高的結論，那一定是研究方向有問題。面對一檔已經漲了 50% 的股票，應該思考的是持股要不要續抱，要不要停利等問題；要不要買進，這應該在 2~3 週之前，股價剛起漲時就已經有過思考，更多盤面機會可鎖定 Line@粉絲團。歡迎大家轉貼本文，並加入《蔡正華金錢道》Line@頻道（ID：@goldmoney168）https://line.me/R/ti/p/%40saj9152vTelegram 頻道（ID：goldmoney168）Youtube 頻道：FB 臉書粉專：本公司所推薦分析之個別有價證券無不當之財務利益關係 以往之績效不保證未來獲利投資人應獨立判斷 審慎評估並自負投資風險,"[['市場', '預估', '12月'], ['美國投行', '加快', '縮減購債步伐'], ['隨著通膨', '高於', '預期'], ['市場', '認爲', '動作強度加大'], ['資金面', '轉趨', '保守'], ['資金面', '轉趨', '保守'], ['市場', '擔憂', '全球邊境解封恐放緩'], ['亞洲股市', '出現', '大跌'], ['原因', '在於', '這關係多頭架構'], ['這', '關係', '多頭架構'], ['周線上', '出現', '低點跌破前一週高點'], ['收盤', '確認', '收低'], ['今年行情', '出現', '週日落訊號'], ['該處', '成爲', '多方壓力'], ['晶圓代工臺積電線', '出現', '六連黑'], ['，', '壓抑', '本波指數'], ['領先定義', '在於', '什麼股票攻'], ['什麼股票', '領先創', '波段新高'], ['能夠', '領先創', '波段新高'], ['資金', '湧入', '新股'], ['相關技術', '應用於', '元宇宙領域'], ['對於態度', '是', '舊不如新'], ['而', '擔心', '疫情衝擊營運'], ['一波主漲的', '是', '貨運包機'], ['這影響的', '是', '上漲速度'], ['三退一變', '爲', '進三退二'], ['股票', '是', '買賣的'], ['各項分析目的', '皆是', '爲了'], ['思考的', '是', '要不要續抱持股問題'], ['持股', '要不要續抱', '持股'], ['這', '有', '思考'], ['盤面機會', '鎖定', 'Line@粉絲團'], ['大家', '轉貼', '本文'], ['本公司推薦分析個別有價證券', '無', '財務利益關係'], ['以往績效', '保證', '獲利投資人']]"
0,20211129_1134,〈台股盤前〉新變種病毒來勢洶洶  指數恐挫咧等回測季線新變種病毒 Omicron 來勢洶洶，台股上週收在 17369.39 點，摜破月線位置，單週大跌 448 點，週線終止連 7 紅的紀錄；美股週五也暴跌，尤其重挫逾 900 點，台股今 (29) 日恐回測季線 17168 點。由於 Omicron 病毒傳染力傳出超越 Delta 病毒，市場憂心疫苗防護力可能失效，資本市場也跟著大地震，外資周五在集中市場提款 310 億元，創近 2 個月來單日最大賣超，而投信也呈現連 7 賣，自營商賣超近 70 億元也創近 2 個月來最多，整體籌碼面均偏空操作。若以個股來看，外資一周來賣超金額最大的為台積電 97 億元、聯電 51 億元，鴻海、華航、富邦金 、國泰金、長榮航都是外資狙擊標的，可以看出外資大舉從大型權值股和在疫情中首當其衝的航空股提款。今日觀盤重點，三星追擊台積電再出招。三星集團副會長李在鎔赴美行程結束返回南韓之後，傳出三星集團挾手上逾千億美元（逾 2.8 兆元）銀彈優勢，可能擇一收購或入股多家國際半導體大廠，標的包括德州儀器、瑞薩、恩智浦、英飛凌、義法半導體等台積電重要客戶。但市場上並不是全然都是利空消息，特斯拉傳出看好旗下電動車未來年銷售量將達 150 萬輛以上，已與上下游供應鏈接洽，希望包括電子控制單元的廣達、中控台的和碩能率先在墨西哥設廠、擴產，並帶動下游零組件一起到墨西哥就近供貨，台灣特斯拉供應鏈未來二、三年可望迎來一波墨國設廠潮。超級變種病毒 Omicron 變異株開始肆虐，歐陸包括英國在內多國陸續封鎖，加上美國零售銷售續旺，塞港持續嚴峻，法人預估，運價將自高檔持續向上攀升，甚至恐重掀新一波漲勢，長榮、陽明、萬海等航運股備受矚目。整體來說，聯準會鷹派態度，資金緊縮不利本益比擴張，加上新的變種病毒來襲引發情緒面的不安，上週包括台股在內等亞股全面下跌，短線全球股市將拉回修正，今日先看季線支撐，若無法止跌，後續下檔不排除回測 16333 點年線。,"[['摜', '破', '位置'], ['周線', '終止', '7紅紀錄'], ['傳染力', '傳出', '超越Delta 病毒'], ['資本市場', '跟著', '大地震'], ['週五外資', '提款', '310億元'], ['投信', '創', '7賣'], ['整體籌碼面', '偏', '最多'], ['最大的', '爲', '97臺積電'], ['鴻海', '都是', '外資狙擊標的'], ['李在鎔', '赴', '美'], ['李在鎔', '赴', '美'], ['（', '逾', '2.8兆元'], ['標的', '包括', '重要客戶'], ['市場上', '都是', '利空消息'], ['未來年銷售量', '達', '萬輛150以上'], ['下游零組件', '到', '墨西哥'], ['特斯拉供應鏈', '迎來', '墨國設廠潮'], ['Omicron變異株', '開始', '肆虐'], ['歐陸', '包括', '英國封鎖'], ['等長榮航運股', '備受', '矚目'], ['上週', '包括', '等在內亞股下跌']]"
0,20211129_1135,〈台股盤前要聞〉太陽能廠明年營運回升、PCB廠喜迎車市復甦 今日必看財經新聞關注台股盤前要聞重點，中國太陽能上游原料廠明年產能可望陸續開出，緩解台灣模組廠成本壓力，帶動獲利回升；汽車產業逐漸走出谷底，台系車用供應板敬鵬、健鼎前三季出貨大增，明、後年營運可期。以下是今 (29) 日必看重要財經新聞。中國太陽能上游如多晶矽、矽晶圓、電池等，今年以來隨著通膨升溫，價格一路飆漲，壓縮台模組廠獲利空間，不過，明年隨著中國上游原料的新產能陸續開出，台灣模組廠成本壓力也可望趨緩，有助獲利回溫。今年以來全球車廠受困晶片供應不足，陸續傳來生產線運轉不順、甚至停工的不利訊息，但台系主要車用供應板敬鵬 () 及健鼎 () 今年前三季出貨金額，分別較去年同期成長 2-3 成，由日系研究機構的估算，全球車市今年起出貨攀升，將走出 2020 年的谷底，在 2022、2023 年持續回升。中國政府推動限電政策、調漲電價，部分用電量較大的電子零組件業者因此受到影響，加上缺工及工資上漲等因素，中國跟東南亞生產成本差距逐漸拉大，也讓業者再度思考產能配置的議題。雖然中國限電情況已趨緩，但能耗雙控政策可能持續，加上中國政府近期傳已針對北京周邊城市，提出重工產業限停要求，干擾塑化相關產業營運，明年第一季中國出口 PVC 恐受壓，產業供給持續緊縮，有利台塑 ()、華夏 ()、聯成 () 等台廠營運。精英 () 董事長鍾依文接掌董座四個月後，首度談論精英未來營運兩大方向，首階段將以企業文化改造為主，相關人事安排、組織調整預計最慢在明年首季前完成，新事業布局則會從既有事業出發，尋找具利基優勢的產業發展。,"[['PCB廠', '喜迎', '車市復甦'], ['財經新聞', '關注', '臺股'], ['汽車產業', '走出', '谷底'], ['以下', '是', '必看財經新聞'], ['中國政府', '推動', '限電政策'], ['電子零組件業者', '受到', '影響'], ['尋找產業發展', '具', '優勢']]"
0,20211128_1136,中國太陽能原料新產能開出 台模組廠明年成本壓力降中國太陽能上游如多晶矽、矽晶圓、電池等，今年以來隨著通膨升溫，價格一路飆漲，壓縮台模組廠獲利空間，不過，明年隨著中國上游原料的新產能陸續開出，台灣模組廠成本壓力也可望趨緩，有助獲利回溫。多晶矽目前仍由中國為主要供應地區，今年產能明顯供不應求，為滿足中國政府規劃綠色能源計畫，相關業者也積極規劃新產能，業界認為，多晶矽新產能約在明年下半年開出，整體價格可望下滑。矽晶圓也隨著中國併網高峰已過，大廠庫存水位逐步上升，茂迪 () 總經理葉正賢指出，現已可與矽晶圓業者談價格，產業現況由先前的「賣方市場轉為買方市場」，報價將在今年第四季達最高檔，明年可望陸續回落。至於其他材料包括玻璃、鋁框、EVA 等，最緊的狀況也已過去，預計明年整體供需將回歸至正常態勢，有助太陽能產業健康發展。此外，台灣預計 2025 年達 20GW 的綠電目標也未改變，依今年安裝量來看，累積至今年為止約 7GW，業界也多認為，明年將新增 3-4GW，對太陽能的需求等同較今年倍增，包括聯合再生 ()、元晶 ()、茂迪等都已擴產，因應明年新增的需求，也帶動新一輪成長。,"[['明年成本壓力', '降', '太陽能'], ['多晶矽', '供不應求', '供應地區'], ['相關業者', '規劃', '新產能'], ['業界', '認爲', '新產能開出'], [' )總經理葉正賢', '指出', '談價格'], ['產業現況', '轉爲', '買方市場'], ['整體供需', '迴歸', '至正常態勢'], ['臺灣', '預計', '綠電目標改變'], ['業界', '認爲', '等需求倍增']]"
0,20211128_1137,〈台股風向球〉新變種病毒襲捲全球 回測季線支撐力受新型 Omicron 變種病毒蔓延消息衝擊，台股上周五重挫 284 點，一周來合計下跌 448 點，周線終結連 7 紅並跌破月線，隨著美股重挫，恐慌指數飆漲逾 50%，法人指出，預期周一台股恐因連動開低反映，再次測試半年線和季線支撐。由於 Omicron 傳染力恐勝過 Delta，市場憂心疫苗可能失效，外資周五在集中市場提款 310 億元，創近 2 個月來單日最大賣超，而投信呈現連 7 賣，自營商賣超近 70 億元也創近 2 個月來最多，內外資籌碼動態均不利短線大盤。其中，外資一周來賣超金額最大分別為台積電 97 億元 (1.6 萬張)、聯電 51 億元 (8.1 萬張)，鴻海 48 億元 (4.5 萬張)，華航 (7.3 萬張)、富邦金 (2.6 萬張) 和國泰金 (3.1 萬張) 均近 20 億元，長榮航也遭賣 16 億元 (5.9 萬張)，顯然先從大型權值股和在疫情中首當其衝的航空股提款。上周五盤中一度暴跌逾 1000 點，終場收跌 905 點，創今年單日最慘表現，跌幅 2.5%，指數跌 2.2%、指數更重挫 2.92%，對於本周台股 12 月的開局相當不利，尤其享有高本益比的電子股、高本夢比的題材股，修正壓力恐更為劇烈。法人認為，由於已有去年 3 月恐慌崩跌但隨後幾個月止穩大漲的經驗，再加上全球各國早已緊鑼密鼓的加強疫苗的覆蓋率，不排除疫情利空會相對鈍化，同時，投資人擔憂明年美國重啟升息的壓力，市場也可能因而解讀有望暫緩，不排除下半周後，會有部分買盤進場逢低承接搶短，使重挫壓力略見止穩。不過，法人提醒，由於歐洲多國和香港均出現 Omicron 變種病毒確診病例，且尚無造成重症或疫苗保護力的實際數據，不確定性還是很高，貿然搶短的風險大。永豐投顧進一步指出，本周起美國陸續公布重要經濟數據，如 ISM 製造業指數和非農就業，而 12 月中旬美債上限即將再次到期，在美債議題尚未完全解決之前，也將是另一個持續干擾市場的因素。國內本周仍有多場重要法說會值得留意，包括台達電、國巨、研華、美律、力成、第一金、新光金、聯電、精測、廣達和景碩等。永豐投顧認為，新變種病毒出現再次考驗國際股市，先前全球樂觀看待疫苗注射後，可望迎來 Back to normal，已添變數。,"[['回測季線支撐力', '受', 'Omicron變種病毒蔓延消息衝擊'], ['指數飆漲', '逾', '50%'], ['法人', '指出', '測試半年線支撐'], ['週一臺股恐因連動', '開低', '反映'], ['傳染力', '勝過', 'Delta'], ['外資', '提款', '310億元'], ['投信', '呈現', '7賣'], ['來賣超金額', '爲', '萬張臺積電'], ['長榮航', '遭賣', '5.9萬張億元'], ['尤其', '享有', '高本益比'], ['法人', '認爲', '使'], ['止穩經驗', '再加上', '全球各國緊鑼密鼓加強疫苗覆蓋率'], ['全球各國', '加強', '疫苗'], ['的', '加強', '疫苗'], ['投資人', '擔憂', '明年美國重啓壓力'], ['法人', '提醒', '大'], ['歐洲多國', '出現', 'Omicron變種病毒確診病例'], ['尚無實際數據', '造成', '重症'], ['永豐投顧', '指出', '美國公佈經濟數據'], ['美國', '公佈', '經濟數據'], ['持續', '干擾', '市場'], ['國內本週', '有', '重要法說值得留意'], ['重要法', '說', '值得留意'], ['永豐投顧', '認爲', '新變種病毒出現考驗國際股市'], ['新變種病毒', '出現', '考驗國際股市']]"
0,20211128_1138,中國傳冬奧前祭重工限停政策 PVC產業供給可望持續吃緊雖然中國限電情況已趨緩，但能耗雙控政策可能持續，加上中國政府近期傳已針對北京周邊城市，提出重工產業限停要求，干擾塑化相關產業營運，明年第一季中國出口 PVC 恐受壓，產業供給持續緊縮，有利台塑 ()、華夏 ()、聯成 () 等台廠營運。北京冬奧將在明年 2 月舉行，隨著冬奧逼近，中國官方的環保管控也持續加大力道，除能耗雙控政策持續外，中國政府近期傳出已向北京附近城市，發出明年 1 月 1 日至 3 日 8 日重工限停通知。據中國國家環保部統計，華北、淮北、華西等多地空氣嚴重污染，為實現碳中和達標，中央政府決定 1 月 1 日前關停重污染地區所有重工企業，河北唐山、天津、石家莊、張家口，承德山東濟南、威海，山西太原、大同、長治及河南洛陽、鄭州等地，關停期限則從 1 月起至 3 月 8 日。業者預期，在中國政府釋出相關政策下，將影響 PVC 產業上游原料 VCM 及電石產業生產，中國國內 PVC 供給將受限，且要滿足華東、華南等地區需求，明年第一季要大量出口 PVC 機會不高，將影響整體產業供給轉緊。中國國慶前因能耗雙控，導致 PVC 供需同步減少，9 月底 PVC 開工率一度挫低至 65%，目前已回升至 70% 以上，整體 PVC 庫存預期逐步上升，但在政府再祭出重工限停通知下，將為明年第一季 PVC 市場供給再添變數。,"[['環保管控', '加大', '力道'], ['中國政府', '傳出', '向城市'], ['已', '向', '北京附近'], ['中央政府', '決定', '關停重工企業'], ['業者', '預期', '影響供給整體產業轉'], ['中國政府', '釋出', '相關政策'], ['中國政府', '釋出', '相關政策'], ['大量', '出口', 'PVC'], [' 月底開工率', '挫至', '65%'], ['政府', '祭出', '通知'], ['再', '祭出', '通知']]"
0,20211128_1139,南非變種病毒襲擊台股失守月線 留意漲多高價位個股遭狙擊南非新型變種病毒打亂股市，台股電金傳腿軟拖累周線收黑，投信認為，在疫情變數衝擊下，高股價個股恐成資金狙擊對象，建議可減碼漲多個股，轉進價值型與高股息個股，度過短線波動時期。富蘭克林華美第一富基金經理人周書玄表示，新變種病毒來勢洶洶，包括台股在內等亞股全面下跌，加上適逢周五與法人月底結算、年度作帳等因素，三大法人現貨市場站在賣方，包括高本益比、炒題材股與漲多之航運類等大多拉回整理。周書玄指出，台股美股相關性強，短線因南非病毒疫情再起干擾，全球股市將拉回修正，但看好台灣半導體、電子上游、電動汽車等類股明年仍看好，中長期看多方向不變，有機會於整理後重新反彈，故建議投資人拉回可以尋找買點、逢低加碼。保德信高成長基金經理人葉獻文表示，聯準會鷹派態度，資金緊縮不利本益比擴張，加上新的變種病毒來襲引發情緒面的不安，讓台股面臨漲多獲利了結與外部因素影響下，導致走勢不盡理想。但葉獻文認為，指數漲多拉回反而能讓真正具有題材、獲利面的優質族群如 PCB、電動車、電子零組件、網通等，再度獲得逢低買盤青睞，而這些績優股等在年底至明年初的作夢行情帶動下，有望能在拉回後率先彈升。根據統計，台股每年 12 月的上漲機率超過 7 成，隔年 1 月台股單月平均漲幅則是全年最大的月份，預期今年在資金、題材皆到位，配合國際投資氣氛正向，能持續帶動這波多頭走勢發酵。安聯投信台股團隊表示，台股進入作夢行情，但也因短線漲多、盤勢波動加劇，展望後市，在美國再提實體清單、變種病毒蠢動，都會對市場造成壓抑，但基於基本面向上趨勢未變，建議先以多方技術面整理視之。安聯投信台股團隊表示，後續除了可持續觀察包括高價股、金融股及航運股等相關族群的強弱，做為市場氛圍走向的判斷之外，從技術面與資金面上，也可把強勢股的量能納入觀察。,"[['新型變種病毒', '打亂', '股市'], ['臺股電金傳腿軟拖累周線', '收', '黑'], ['價值型', '漲', '多個股'], ['華美第一富基金經理人周書玄', '表示', '來勢洶洶'], ['周書玄', '指出', '建議尋找買點'], ['短線', '再起', '干擾'], ['全球股市', '拉回', '修正'], ['保德信高成長基金經理人葉獻文', '表示', '緊縮'], ['資金', '緊縮', '聯準會鷹派態度'], ['臺股', '面臨', '漲'], ['葉獻文', '認爲', '指數漲讓'], ['等績優股', '帶動', '作夢行情'], ['上漲機率', '超過', '7成'], ['平均漲幅', '是', '最大月份'], ['安聯投信臺股團隊', '表示', '臺股進入作夢行情'], ['臺股', '進入', '作夢行情'], ['投信臺股團隊', '表示', '納入'], ['可持續觀察', '包括', '相關族羣'], ['可持續觀察', '包括', '相關族羣']]"
0,20211128_1140,晶技攻車用頻率元件市場 寧波新廠規劃月產能1.8億顆電動車市場快速崛起，包含特斯拉 () 之外，中國及歐美車廠也已積極推出產品，有助汽車電子化趨勢向上，晶技 () 強攻汽車應用市場，新成立晶創科技己在寧波取得建廠土地建廠，預計 2023 年中開出每月 6000 萬顆新產能，後續更將擴充至 1.8 億顆。晶技新投資事業的晶創科技，目前自有產能設在同爲晶技子公司的寧波台晶電子廠區內，每月產能 5000 萬顆，晶創在已在浙江寧波取得 33 畝的建廠用地，首期投資建廠金額規劃 6.13 億元，預計 2023 年每月開出 6000 萬顆新產能。晶創科技設立目的即爲強攻汽車應用市場，晶技董事長林萬興指出，晶創將在最短時間內完成全數認證並取得 Vendor Code，看好電動車頻率元件用量將達 100 顆以上，較每台內燃機汽車使用 8-10 顆的需求量明顯放大。晶技今年 5G、網通及小型化產品需求提升下，前三季營收將超越去年全年 110.48 億元，稅後純益為 24.31 億元，年增 1.33 倍，每股純益 7.85 元。晶技今年營收將再創新高，其中汽車應用今年以來已成長 30-40% ，是主要成長力道之一，車用頻率元件銷售占營收比重攀升至 8% 以上。林萬興強調，晶技一直配合客戶端汽車電控模組設計，產品應用從非安全性的車用影音娛樂系統，進一步跨越到電控領域，目前客戶涵蓋美國及中國電動車大廠。晶創科技首期實收股本為 6000 萬元，預計將再增資到 1 億元，法人代表則為晶技董事兼協理黃翔麟擔任。,"[['中國車廠', '推出', '產品'], ['晶技', '強攻', '汽車應用市場'], ['成立晶創科技己', '取得', '建廠土地'], ['後續', '擴充至', '1.8億顆'], ['自有產能', '設在', '爲晶技子公司寧波臺晶電子廠區內'], ['同', '爲', '晶技子公司'], ['晶創', '取得', '建廠用地'], ['晶創科技設立目的', '爲', '強攻汽車應用市場'], ['晶技董事長林萬興', '指出', '晶創完成全數認證'], ['晶創', '完成', '全數認證'], ['網通產品需求', '提升', '網通產品需求'], ['前三季營收', '超越', '110.48億元'], ['稅後純益', '爲', '24.31億元'], ['林萬興', '強調', '晶技配合電控模組設計'], ['晶技', '配合', '電控模組設計'], ['產品', '應用', '娛樂系統'], ['客戶', '涵蓋', '美國'], ['首期實收股本', '爲', '6000萬元'], ['法人代表', '爲', '擔任']]"
0,20211128_1141,〈精英展望〉集團未來布局 董座：兄弟爬山各自努力精英 () 人事幾經變動後，由鍾依文、王金來分別接掌董事長、副董事長暨總經理，面對外界關注未來大同 () 集團與精英雙邊合作模式，鍾依文認為，現在是「兄弟登山、各自努力」的階段，每家公司都會走出自己的一條路、成長軌跡，任何合作機會都不會排除。鍾依文表示，精英是大同子公司之一，還包含大世科 ()、福華 () 等，未來都會進行調整，集團合作會以綜效為優先考量，如電動車等電力、電機領域就可能由大同主導，電子資訊產業就由精英負責。大同近幾個月持續增持精英持股，也可看出大同正強化集團合作關係，今年 8 月也宣布，將在一年內以 10 億元額度內增持精英持股，根據公開資訊站最新資料顯示，截至 10 月底大同對精英持股已提升至約 30.24%。王金來則補充，大同目前仍以權益法認列精英損益，但未來若持股超過 50%、具控制力，精英就可望納入大同合併報表中。是否會有其他併購計畫，鍾依文說，現階段精英確實有一些併購案在 Study，包含併購、策略結盟都有可能，但是否付諸實踐，同樣會評估綜效、時間點是否恰當。,"[[')人事', '接掌', '董事長'], ['鍾依文', '認爲', '是兄弟登山階段'], ['每家公司', '走出', '自己一條路'], ['鍾依文', '表示', '精英是大同子公司之一'], ['精英', '是', '大同子公司之一'], ['集團合作', '爲', '優先考量'], ['持股', '提升至', '30.24%'], ['精英', '納入', '大同合併報表中'], ['鍾依文', '說', '付諸實踐'], ['現階段精英', '有', '一些Study'], ['包含', '有', '可能']]"
0,20211128_1142,台灣中油：明(29)日起汽、柴油各調降0.2元及0.3元台灣中油公司公告，自明（29）日凌晨零時起汽、柴油各調降 0.2 元及 0.3 元，參考零售價格分別為 92 無鉛汽油每公升 29.6 元、95 無鉛汽油每公升 31.1 元、98 無鉛汽油每公升 33.1 元、超級柴油每公升 27.7 元。本週油價除維持亞洲鄰近國家最低價機制並啟動平穩措施，汽、柴油各吸收 0.4 元。中油表示，本週受歐洲 COVID-19 疫情持續嚴峻、新變種病毒株 Omicron 感染力強引發市場恐慌導致多國重啟旅遊禁令或邊境防疫封鎖，加上美國宣布釋出 5000 萬桶戰備儲油等因素影響，導致國際油價下跌。中油稱，本週浮動油價調整原則之調價指標 7D3B 週均價下跌 1.18 美元，新臺幣兌美元匯率貶值 0.007 美元，計算後價格已低於亞洲鄰近國家 (日、韓、港、星)，與上週零售價比較汽、柴油應各調漲 0.2 元及 0.1 元，換算 95 無鉛汽油每公升 31.5 元，因此進一步再啟動油價平穩措施，超出之 1.5 元經計算 25% 吸收調幅並四捨五入後，汽、柴油每公升各吸收 0.4 元，吸收後汽、柴油實際價格每公升各調降 0.2 元及 0.3 元。,"[['柴油', '調降', '0.2元'], ['，', '參考', '零售'], ['參考價格', '爲', ' 元'], ['本週油價', '啓動', '平穩措施'], ['中油', '表示', 'Omicron感染力引發市場恐慌導致多國重啓旅遊禁令'], ['Omicron感染力', '引發', '市場恐慌'], ['Omicron感染力引發市場恐慌', '導致', '多國重啓旅遊禁令'], ['多國', '重啓', '旅遊禁令'], ['美國', '宣佈', '釋出導致國際油價下跌'], ['釋出', '導致', '國際油價下跌'], ['中油', '稱', '周均價下跌1.18美元'], ['周均價', '下跌', '1.18美元'], ['新臺幣', '兌', '美元'], ['新臺幣', '兌', '美元'], ['價格', '低於', '鄰近國家']]"
0,20211128_1143,台微醫創新醫材擴大海內外布局 明年營收有望續攀高台微醫 () 開發的創新醫材椎體撐開器，明年首季將擴大導入國內大型醫學中心，海外則以歐洲市場為主，並與 4 個國家完成簽約，海內外布局有所斬獲下，有望推升明年營收續攀高。台微醫主要營運動能來自脊椎骨融合手術產品，包括脊椎固定系統、椎間融合系統及人工代用骨；另外近年開發出椎體撐開器與骨水泥，其中椎體撐開器主要應用於椎體塌陷手術，可針對前端椎體壓迫性骨折進行椎體復位，並與骨水泥搭配使用。台微醫椎體撐開器經過一年布局已見成效，除了打入多家區域型醫院，今年第四季開始則陸續與大型醫療院所合作，預期醫療院所明年首季將會開始採用，成為未來營運主要成長動能。海外布局方面，台微醫表示，椎體撐開器今年 5 月取得歐洲認證後，陸續與 7 個國家洽談採購合約，其中已與最大市場義大利完成產品註冊，並與 4 個國家完成簽約，此外，未來也不排除啟動歐洲、東南亞市場的授權。台微醫認為，儘管疫情持續蔓延，海外地區布局放緩並把銷售重心擺在台灣，不過，病患仍需至醫院治療、進行手術，而旗下醫材產品有助病患縮短術後恢復期，對於未來營運正向看待。台微醫調整營運策略有成，加上脊椎骨融合手術產品布局發酵，今年前 10 月營收 1.12 億元，年增 37.73%，法人預期，明年在椎體撐開器挹注下，明年全年營收成長幅度有望與今年相當。,"[['創新醫材椎體撐開器', '擴大', '導入醫學中心'], ['椎體撐開器', '應用於', '椎體塌陷手術'], ['明年首季', '開始', '採用'], ['臺微醫', '表示', '陸續洽談合約'], ['椎體撐開器', '取得', '歐洲認證'], ['陸續', '洽談', '合約'], ['臺微醫', '認爲', '病患需至醫院'], ['病患', '需', '至醫院'], ['醫材產品', '有助', '病患'], ['營收成長幅度', '有望', '相當']]"
0,20211128_1144,〈精英展望〉明年展望樂觀 董座鍾依文首談營運兩大方向精英 () 董事長鍾依文接掌董座四個月後，首度談論精英未來營運兩大方向，首階段將以企業文化改造為主，相關人事安排、組織調整預計最慢在明年首季前完成，新事業布局則會從既有事業出發，尋找具利基優勢的產業發展。回顧精英過去 30 幾年歷史，鍾依文說，精英曾在桌機、DIY 市場上風光，但受整體產業變化，桌機需求逐步被筆電取代，對比同業轉攻電競筆電、顯卡挖礦市場，坦言精英並未跟上轉型浪潮，近年在代工、自有品牌 LIVA 推廣上，成績也不盡理想。鍾依文說，代工產業常被市場詬病是「毛三到四」(意即毛利率落在 3-4%)，營益率更落在 1% 上下，因此各公司幾乎都以提升利潤率、承接高毛利產品、降低費用為目標，但對精英而言，認為現階段在生產管理 (Operation) 上就有很多改善空間，包含供應鏈管理、庫存掌控、現金流、PM/R&D / 業務管理等。談精英未來營運方向，鍾依文指出，營運面首先要「優化、淨化、轉化」，公司過去不賺錢、人才嚴重外流都是最迫切須改善、面對的挑戰，因此，將從組織切割、人員安排等進行企業文化改造，提升精英成為具戰力、競爭力的公司。鍾依文表示，目前精英仍在企業文化改造階段，還有很多人事安排、組織與其他單位協作等持續進行，預期最快年底前、最慢明年首季調整完成。生產管理也並非只有精英須面對，鍾依文觀察，台灣大多數公司都面臨「會而不議、議而不決、決而不行」的問題，新議題、新計畫通常也與舊計畫沒有連接，部分原因也與管理階層缺乏相應經驗有關，而鴻海 () 在生產管理、執行面上就非常精進。但在管理方面，鍾依文說，每間公司營運狀況不同，因此把過往成功經驗完全套入並不適宜，反而需要對新環境提出因地制宜、因人而異的管理方式，也透露當初接掌精英時，僅帶兩個人過來，分別是特助、司機，認為管理需要「帶人、帶心」。鍾依文說，大同是百年企業，當初與新團隊花了近三個月了解、梳理營運方針，成功在半年內帶領百年企業轉虧為盈、重返榮耀，對比大同，精英營運則是他相對熟悉的領域，因此在整體營運規劃 (Roadmap) 上也更得心應手。展望未來，鍾依文表示，現階段將以提升精英的供應鏈、庫存、工廠競爭力為重，未來則會從既有領域出發，朝利基產品發展，優先追求利潤化、資源分配最佳化，也會在工廠搬遷過程中，規劃增加利基型產品產能。在利基產品、新應用領域上，鍾依文則未透露太多，僅表示各資通訊公司現在專注的 5G、AIOT、智慧醫療、電動車、太陽能等，不全然會是精英未來會發展的領域。鍾依文指出，營收成長對資通訊公司並不是問題，獲利能力提升才是關鍵，精英今年營運就受上半年虧損拖累，明年則看好隨著企業文化改造，加上新產能、新領域應用逐步發酵下，整體營運將優於今年。目前精英對明年前第三季資訊產品訂單多已掌握，但鍾依文坦言，產品價格仍有提升空間，將努力在「石頭裡擠出水」，明年第四季後的訂單也會優先爭取高毛利、高利基產品為重。,"[[')精英董事長鍾依文', '接掌', '董座'], ['尋找產業發展', '具', '利基優勢'], ['鍾依文', '說', '上風'], ['精英', '跟上', '轉型浪潮'], ['鍾依文', '說', '代工產業是意'], ['代工產業', '是', '意'], ['毛利率', '落在', '1%上下'], ['各公司', '爲', '目標'], ['鍾依文', '指出', '營運面優化'], ['公司賺錢', '都是', '改善挑戰'], ['精英', '成爲', '具戰力公司'], ['鍾依文', '表示', '精英還有等安排進行'], ['精英', '還有', '等安排進行'], ['生產管理', '只有', '精英面對'], ['大多數公司', '面臨', '議問題'], ['管理階層', '缺乏', '相應經驗'], ['鍾依文', '說', '套入不適宜'], ['當初', '接掌', '精英'], ['管理', '需要', '帶人'], ['鍾依文', '說', '大同是百年企業'], ['大同', '是', '百年企業'], ['精英營運', '是', '他熟悉領域'], ['鍾依文', '表示', '現階段爲重'], ['以', '提升', '精英'], ['鍾依文', '透露', '太多'], ['鍾依文', '指出', '獲利能力提升纔是關鍵'], ['成長對資通訊公司', '不是', '問題'], ['獲利能力提升', '纔是', '關鍵'], ['今年營運', '受', '虧損拖累'], ['整體營運', '優於', '今年'], ['鍾依文', '坦言', '產品價格有提升空間'], ['產品價格', '有', '提升空間']]"
0,20211128_1145,李國鼎紀念論壇、台灣醫療科技展 本周大事預告李國鼎紀念論壇將在本周五登場，除了總統蔡英文預計現身外，五位半導體產業大咖也齊聚論壇，一同探討台灣半導體業未來發展，台灣醫療科技展也預計在周四開展，成為全球首個「橫跨醫療、電子資通訊、科技、生技製藥、醫材等，串聯大健康產業完整生態鏈」的專業規模會展，以下是本周大事預告：李國鼎科技發展基金會指出，今年適逢資政李國鼎逝世 20 周年，為感念李國鼎一生對台灣經濟發展的貢獻，將在本周五以「台灣半導體．世紀新布局」為題舉辦紀念論壇，並邀請國內半導體產業大咖分析與探討未來產業發展。此次與會者包括半導體產業三巨頭，台積電 () 董事長劉德音、聯發科 () 董事長蔡明介、日月光投控 () 執行長吳田玉，以及記憶體大廠旺宏 () 董事長吳敏求與鈺創 () 董事長盧超群，皆會現身當日論壇。台灣醫療科技展即將在周四 (2 日) 開展，以醫療、科技與生技跨領域激盪，整合串連醫療、電子資通訊及生技製藥跨界合作，連結各大業者，打造全新產業鏈，參展名單包括面板雙虎友達 ()、群創 ()，以及宏碁、華碩、緯創、力積電等。友達此次由子公司達擎參與，發表最新尖端醫療顯示器解決方案，深入智慧醫療場域的產品及技術策略；群創除已成立睿生光電攻醫療面板外，本周也將展示一系列最新創新技術醫療展品。中華經濟研究院預計在周三 (1 日) 發布臺灣採購經理人 (PMI)，上 (10) 月 PMI 已連續第 16 個月呈現擴張，達 58.3%，由於現今製造業飽受缺料、塞港因素影響，PMI 擴張明顯放緩，隨著訂單回歸實際訂單需求，預期未來 6 個月指數估續跌。泛公股資產管理公司台灣金聯每年均會在年末時推出「平價住宅」專案，由於價格較市價親民，對於首購、小資族頗具吸引力，每年銷售率幾乎都在 9 成以上，部分熱門物件中籤率甚至不到 1%，不過，受疫情影響，法院法拍作業遲延，今年平價宅釋出物件約 60 多件，較去年百戶明顯縮水。,"[['半導體產業大咖', '齊聚', '論壇'], ['「', '橫跨', '醫療'], ['以下', '是', '本週大事預告'], ['李國鼎科技發展基金會', '指出', '舉辦紀念論壇'], [' 董事長劉德音', '包括', '半導體產業三巨頭'], ['參展名單', '包括', ')雙虎友達'], ['已', '成立', '醫療面板'], ['羣創', '展示', '醫療展品'], ['中華經濟研究院', '預計', '發佈PMI採購經理人'], [' 月PMI', '呈現', '擴張'], ['現今製造業', '飽受', '缺料'], ['泛公股資產管理公司臺灣金聯', '推出', '平價住宅專案'], ['熱門物件中籤率', '在', '9成以上']]"
0,20211128_1146,林敏雄：收購大潤發價格115億元 將以雙品牌經營全聯董事長林敏雄表示，是大潤發主動找上全聯，雙方談了幾個月，而未來若能通過公平會審議併下大潤發，將以大潤發、全聯雙品牌經營，並留用大潤發既有團隊，並透露，最終收購價為 115 億元。林敏雄說，收購價格為 115 億元，樂觀看待未來雙品牌經營，將可進一步發揮綜效。至於市場盛傳家樂福要出售，林敏雄認為，再買家樂福社會觀感不好，沒有進一步評估。全聯舉辦 15 周年公益嘉年華暨家庭日，感謝有一群默默在你我身旁的醫護、警消、清潔隊員、口罩國家隊，為防疫貢獻心力，台北市市長柯文哲與林敏雄親自到場，以謝籃向醫護、警消代表致敬。,"[['大潤發', '找', '全聯'], ['雙方', '談', '幾個月'], ['最終收購價', '爲', '115億元'], ['林敏雄', '說', '收購價格爲115億元'], ['收購價格', '爲', '115億元'], ['樂觀', '看待', '雙品牌經營'], ['林敏雄', '認爲', '不好'], ['全聯', '舉辦', '暨家庭日']]"
0,20211128_1147,樺漢攜手翰成數位科技 從直播平台切入商業元宇宙工業電腦大廠樺漢 () 攜手翰成數位科技打造「商業元宇宙」，樺漢董事長朱復銓表示，初期將協助翰成管理直播平台所需的影音與雲端數據，未來也將從 B2C 延伸至 B2B，並規劃結合 3D AR 技術，打造「產業元宇宙」的創新商業模式。翰成數位科技今日舉辦 HCE 直播產業基地啟用，以及自主研發的短影音平台「嗨吧」APP 發布記者會，朱復銓致詞時指出，新冠疫情催生了新興媒體產業鏈，平台背後有數以萬計的影音數據流量需要演算及管理。朱復銓表示，觀察網路直播平台、電商直播、自媒體直播等 10 大平台聲量有超過 150 萬的用戶人數，直播所創造的社群擴散效果佳，有助未來發展智慧城市、智慧餐飲、零售等。而樺漢與合作夥伴 Google Cloud、精誠資訊，也協助翰成管理直播平台背後所需的影音與雲端數據管理解決方案、軟硬兩端系統、強化數據應用能力、提升 AI 智慧運算、優化平台服務品質，創造全球開放式 AIoT 雲端平台，未來也將以元宇宙的概念，打破虛擬與實體間的距離。翰成數位科技創辦人暨總經理陳昭榮則表示，嗨吧 APP 上線初期將以短影音內容創作為主， 12 月下旬開放直播與電子商城功能，他分析，直播短影音零售市場產值也可望上看 1000 億元的水準，先從 B2C 開始再邁向 B2B，未來相關商機可期。,"[['翰成數位科技', '打造', '商業元宇宙'], ['樺漢董事長朱復銓', '表示', '延伸'], ['翰成數位科技', '舉辦', '直播產業基地啓用'], ['新冠疫情', '催生', '媒體產業鏈'], ['影音數據流量', '需要', '演算'], ['朱復銓', '表示', '有助發展等智慧城市'], ['臺聲量', '有', '超過150萬用戶人數'], ['樺漢', '夥伴', 'Cloud'], ['、', '強化', '數據應用能力'], ['科技創辦人陳昭榮', '表示', '爲主'], ['他', '分析', '直播可望看1000億元水準'], ['直播', '可望', '看1000億元水準']]"
0,20211127_1148,新變種病毒來襲、我今年GDP可望破6% 本周大事回顧全球再度籠罩在疫情隱憂，最新變種病毒株「Omicron」已在多國發現相關病例，是目前變異程度最高的病毒株，市場擔憂將影響全球景氣復甦，主計總處 26 日則發布我國經濟成長率預測，再度上修今年 GDP 成長至 6.09%，創 11 年來新高，而經濟部公布的 10 月外銷訂單，也呈現連 20 紅，以下是本周大事回顧：全球疫情隱憂再起，最早在非洲波札那發現的新變種病毒「B.1.1.529」在當地、南非、以色列、香港、比利時相繼傳出相關病例，世界衛生組織更在 26 日緊急召開會議，顧問小組建議將該新變種病毒列為「值得關注」，並命名為 Omicron。雖然科學家目前尚不確定其致命性、傳播力程度，但部分科學家認為，它是迄今為止變異程度最高的病毒株，這可能使其比夏秋時期困擾美歐的 Delta 變種病毒更容易傳播。目前美國、英國、法國、以色列、義大利和新加坡等國都正在迅速採取新的旅行限制。主計總處 26 日發布明年我國經濟成長率 (GDP) 預測值為 4.15%，較 8 月預測 3.69% 上修 0.46 個百分點，而消費者物價指數 (CPI) 年增 1.61%，並未突破央行設定的通膨警戒線，同時，也再上修今年 GDP 0.21 個百分點至 6.09%，創 11 年來新高。展望明年，隨著全球經濟持續回升，供應鏈問題改善，外需力道穩健，加上科技新興應用推陳出新，半導體製造業者積極擴廠，回流台商本地廠商持續投資、新增產能不斷開出，挹注出口動能。經濟部統計處 22 日公布 10 月外銷訂單，雖然部分貨品受缺料影響，導致接單動能放緩，但單月外銷訂單仍達 591 億美元，月減 6%、年增 14.6%，連二十紅，累計前 10 月外銷訂單金額達 5407.3 億美元、年增 30.2%，已超越去年全年。展望未來，經濟部統計處表示，疫情、供應鏈不順仍將影響外銷接單表現，但隨著疫苗施打率上升、主要國家擴大基礎建設，全球景氣穩定復甦下，認為仍可望維繫外銷接單成長動能，估 11 月外銷訂單將達 590-605 億美元，月增幅落在 - 0.1%-2.5%、年增 2.1%-4.7%，可望連二十一紅。延伸閱讀>> 晶圓代工龍頭台積電與 IC 設計大廠聯發科 22 日共同宣布，將推出採用 7 奈米技術生產的全球首顆 8K 數位電視旗艦系統單晶片 (SoC)，預計搭載該晶片的下世代旗艦 8K 電視，將於明年在全球推出。台積電指出，聯發科推出的全球首顆 8K 數位電視旗艦系統單晶片 Pentonic 2000，提供超高效能表現與卓越功耗效率，並具備多項強大功能，包括高速人工智慧引擎、動態畫質補償及消除 (MEMC)、多功能視訊編碼解碼、及子母畫面技術。為因應全球能源價格急遽漲勢，美國雖然與 OPEC + 協商增產遭拒，但也宣布將釋出 5000 萬桶戰略儲油 (SPR)，並協調中國、日本、印度、南韓和英國共同協調釋出，維持充沛的石油供應。白宮表示，未來幾個月內將釋出 3200 萬桶石油，並加速國會此前授權釋出的 1800 萬桶，一位白宮官員表示，最快 12 月中下旬就會展開行動。而面對通膨持續蠢動，市場也關注我國中央銀行何時啟動升息，對此央行總裁楊金龍本周赴立院答詢表示，台灣是否升息要考慮三個條件，包括國內外通膨情形、主要國家升息進度，以及紓困振興狀況。中國媒體新華社 22 日報導指出，台灣遠東集團在當地投資的化纖紡織、水泥事業，遭執法單位檢查發現有一系列違法違規行為，除了處以罰款、補稅外，並收回遠東集團的閒置建築用地。新華社報導，近期上海、江蘇、江西、湖北、四川等 5 省相關部門執法檢查，遠東集團在當地投資的化纖紡織、水泥事業，有一系列違法行為，包括環保、土地利用、員工職業健康、安全生產、消防、稅務及產品質量等。對於不符規定遭罰款，遠東新也做出說明，目前針對缺失已經改善 98%，預計年底前全數改善完畢。金管會 23 日公布今 (2021) 年「大到不能倒」的系統性重要銀行 (D-SIBs) 名單，維持與去年 6 家銀行相同，且目前都符合今年的資本適足率門檻、通過壓力測試，並交出首次「經營危機應變措施」。金管會公布的 6 家大到不能倒的 D-SIBs 銀行仍為中國信託銀行、國泰世華銀行、台北富邦銀行、兆豐銀行、合作金庫以及第一銀行。富邦金 25 日舉行線上法說會，受惠富邦人壽前三季合計股債資本利得大舉突破千億元、達 1034 億元，挹注金控稅後純益、每股純益雙創新高，穩居金控「雙冠王」，展望明年，看好台股，基於經濟基本面、上市櫃營運以及台股本益比等三大理由，將持續加碼。此外，富邦金首席經濟學家羅瑋也預期，美國明年下半年將升息 1-2 碼，台灣可望跟進升息半碼。面板大廠友達董事長彭双浪 25 日表示，11 月電視面板價格跌幅確實收斂很多，在先前價格加速趕底，及年底旺季需求帶動下，品牌廠開始回補庫存，也反映電視需求已落底回溫，對電視面板市場相對樂觀看待。面對元宇宙商機正蓬勃發展，彭双浪也指出，未來大家可望在其中找到更多機會與商機，對於日前宣布未來 4 年在台投資 910 億元，也強調只是基本金額，將持續加碼。美國商務部 24 日以危害美國的安全利益為由，將 27 個實體和個人列入軍事最終用戶 (MEU) 清單，其中有 12 家中企、13 家巴基斯坦企業，日本和新加坡各 1 家企業都將遭到美方制裁措施限制。金可 - KY 26 日宣布與私募基金 Glamor Vision Ltd 簽署合併契約，Glamor Vision 將以現金支付每股 280 元為對價，收購金可全部股權，以金可 25 日收盤價 202 元計算，溢價達 38.6%，總交易金額 272 億元，預計明年上半年完成。金可表示，此併購案將經股東會決議通過，並取得相關主管機關核准，預計明年上半年完成，若併購案順利進行，金可將私有化成為 Glamor Vision 旗下 100% 子公司，並終止櫃買中心交易。,"[['今年GDP', '望破', '6%'], ['全球', '籠罩在', '疫情隱憂'], ['變種病毒株Omicron', '發現', '相關病例'], ['主計總處', '影響', '全球景氣復甦'], ['今年GDP', '成長至', '6.09%'], ['以下', '是', '本週大事回顧'], ['衛生組織', '召開', '會議'], ['顧問小組', '建議', '列爲值得關注'], ['科學家', '不確定', '其致命性'], ['部分科學家', '認爲', '它是最高病毒株'], ['它', '是', '最高病毒株'], ['經濟部', '統計處', '外銷訂單'], ['部分貨品受缺料影響', '導致', '接單動能放緩'], ['外銷訂單', '達', '591 億美元'], ['外銷訂單金額', '達', '5407.3億美元'], ['經濟部統計處', '表示', '外銷訂單達590-605 億美元'], ['順', '影響', '外銷接單表現'], ['主要國家', '擴大', '基礎建設'], ['外銷訂單', '達', '590-605 億美元'], ['積電', '宣佈', '推出SoC系統單晶片'], ['預計8K電視推出', '搭載', '該晶片'], ['2000系統單晶片', '提供', '超高效能表現'], ['白宮', '表示', '釋出3200萬桶石油'], ['白宮官員', '表示', '就會展'], ['市場', '關注', '我國中央銀行啓動'], ['央行總裁楊金龍', '赴', '立院'], [' 中國媒體新華社22 日報', '導指出', '執法單位檢查'], ['除了', '處以', '罰款'], ['化纖紡織', '有', '一系列違法行爲'], ['DSIBs名單', '維持', '相同'], ['「', '經營', '危機應變'], ['SIBs銀行', '爲', '中國信託銀行'], ['挹注金', '突破', '千億元'], ['首席經濟學家羅瑋', '預期', '碼'], ['日彭雙浪', '表示', '確實收'], ['品牌廠', '開始', '回補庫存'], ['彭雙浪', '指出', '找到更多機會'], ['以', '危害', '美國'], ['美國商務部', '列入', '最終用戶MEU清單'], ['12家中企', '遭到', '制裁措施限制'], ['金可', '表示', '此併購案通過']]"
0,20211127_1149,〈熱門股〉南電逆勢強漲7% 再創歷史新天價隨著 ABF 載板確定缺到 2023 年甚至以後，南電 () 本周受惠市場資金追捧，股價無畏大盤下殺，逆勢強漲、一度達 597 元，再創歷史新天價，終場收 585 元，單周漲幅達 7%。南電看好，隨著各類應用急速擴張，明年 ABF 載板供給缺口還會再擴大，帶動營收再優於今年，年增 1 成以上，並挑戰逐季成長。為因應客戶不斷增加的需求，南電也預計明年起將在台灣錦興廠與樹林廠、中國昆山廠進行擴產，加上每年去瓶頸化，2022 年至 2024 年資本支出總額將衝上 400 億元，呈現跳躍式成長。南電本周沿五日線上攻，股價衝破前高，創下歷史新天價，三大法人方面，外資、投信續買，分別加碼 1534、513 張，自營商則逢高調節 40 張。,"[['南電熱門股強漲', '再創', '新天價'], ['南電', '預計', '進行擴產'], ['自營商', '逢', '高調節40張']]"
0,20211127_1150,〈熱門股〉萬泰科展望佳 股價寫17年新高線束廠萬泰科 () 法說會報喜，本周最高衝上 35.95 元，寫 17 年新高；周五也無懼台股賣壓，收漲停 34.45 元，單周漲幅 27.1%。萬泰科認為，明年營收將低軌衛星應用方面，萬泰科目前是美系大廠獨家供應商，供應機內線及傳輸線，今年出貨約 2 億元，明年將翻倍，公司並在跟另一家美系客戶接洽。,"[['熱門股萬泰科展望佳股價', '寫', '說會報喜'], ['最高衝上35.95 元', '寫', '17年新高'], ['臺股', '賣', '壓'], ['萬泰科', '認爲', '是獨家供應商']]"
0,20211127_1151,〈熱門股〉佳能營運轉型及元宇宙題材助攻 周漲11%佳能 () 在營運轉型收成及處分南港商用地產的收益挹注之下，前三季稅後純益 6.94 億元，較去年同期轉盈，每股純益 2.46 元，今年可望擺脫連續三年以來的虧損，股價 26 日逆勢上漲收在 24.5 元，一周上漲幅度達 11.87%。佳能 2021 年開發的 AI 光學、邊緣運算等產品陸續出貨，下半年營運將優於上半年；市場也預估，佳能在墨西哥、馬來西亞等合作夥伴共同推動下，智慧城市產品應用也將陸續收割，明年影像感測產品將成出貨主力，估將占 40-45% 營收。佳能本周成交量能激增，股價收在 24.5 元，周上漲幅度達 11.87%，創 4 年新高價，日 K 線呈多頭排列，在籌碼面的量能增長以及打人「元宇宙」產品供應鏈之下，5 日線 22.27 元將為短線支撐。,"[['將', '優於', '上半年'], ['市場', '預估', '智慧城市產品應用收割'], ['影像感測產品', '成', '出貨主力'], ['估', '佔', '40-45%'], ['股價收', '在', '24.5元'], ['上漲幅度', '達', '11.87%'], ['日K線', '呈', '多頭排列'], ['22.27元', '爲', '支撐']]"
0,20211127_1152,〈熱門股〉獲澳洲審查資格認定 高端疫苗周漲17%攻克季線高端疫苗 () 受惠取得澳洲藥物管理局 (TGA) 審查資格認定 (provisional determination)，加上新變種病毒再起，民眾接種疫苗加強劑已成趨勢，本周股價重啟漲勢，周五 (26 日) 收在 243.5 元，攻克季線，周漲 17%。澳洲藥物管理局 (TGA) 在綜合考量疫苗資料文件、新冠疫情嚴重性後，決定授予高端新冠肺炎疫苗「審查資格認定」(provisional determination)，高端疫苗正著手準備申請文件，可望加速取得澳洲緊急使用許可。高端說明，該項資格認定是申請澳洲疫苗緊急使用許可 (provisional approval 類似 EUA) 的關鍵步驟，代表高端新冠疫苗將可透過此資格，加速澳洲查驗登記的審查程序。此外，因應新冠肺炎疫情，澳洲 TGA 已陸續授予審查資格認定給 AZ、輝瑞、莫德納、嬌生、Novavax 等共計五家疫苗廠進行加速審查，而高端新冠疫苗將成為第六個取得 TGA 審查資格認定的新冠疫苗。至於高端開發的新冠疫苗獲選為世界衛生組織 (WHO) 團結試驗疫苗，已在 3 個國家、超過 40 個試驗中心完成收納 4000 名受試者，預計明年第一季公布期中數據。,"[['熱門股', '獲', '認定'], ['民衆接種疫苗加強劑', '成', '趨勢'], ['(TGA', '決定', '授予準備申請文件'], ['正著手', '準備', '申請'], ['高端', '說明', '該項資格認定是關鍵步驟'], ['該項資格認定', '是', '關鍵步驟'], ['澳洲TGA', '授予', '審查資格認定'], ['新冠疫苗', '成爲', '新冠疫苗'], ['、', '超過', '個']]"
0,20211127_1153,〈熱門股〉建碁衝刺美國充電樁市場 單周大漲逾3成改寫18年新高宏碁 () 集團旗下建碁 () 積極搶進電動車市場商機，近期再獲美國獨立充電樁服務商 VOLTA Charging 訂單，將供應充電樁控制主機，助推本業營運動能增溫，本周也獲資金青睞，單周大漲 31.58%，最高站上 42.3 元，改寫逾 18 年新高。建碁近年以數位看板、充電樁事業為營運主力，因應電動車發展趨勢，建碁看好美國三大車商計畫都將以 2030 年電動車總銷量達 40-50% 為目標，而廣設充電樁也成為近期美國重點基礎建設項目之一，其中，近期切入的 VOLTA Charging 新客戶就正逐步導入美國各州。展望未來，建碁指出，混合生活常態將持續帶動工控、數位看板等需求增溫，對今、明兩年營運正向，法人也看好，建碁在業務布局逐步發酵下，第四季可望維持獲利，全年也將擺脫連九年虧損，轉虧為盈。建碁日前也應主管機關要求，公告 10 月自結，在數位看板、充電樁等動能助推下，單月稅後純益約 900 萬元，年增 346.8%，每股純益 0.12 元，累計今年前 10 月稅後純益達約 1.06 億元，每股純益約 1.49 元。,"[['熱門股', '建', '充電樁市場'], ['〉', '建', '充電樁市場'], ['新高宏碁', '搶進', '電動車市場商機'], ['碁', '看好', '三大車商計劃'], ['充電樁', '成爲', '重點基礎建設項目之一'], ['新客戶', '導入', '美國各州'], ['建碁', '指出', '混合生活常態帶動等工控需求增營運正向'], ['混合生活常態', '帶動', '等工控需求增營運正向'], ['等工控需求', '增', '營運正向'], ['碁', '主管', '機關要求'], ['每股', '增', '346.8%']]"
0,20211127_1154,〈熱門股〉新變種病毒引發恐慌 航空雙雄同步終結周線連4紅全球市場再度陷入新變種病毒出現的恐慌，航空雙雄華航 () 和長榮航 () 首當其衝，昨日股價聯袂跌停，使周線同步終結連 4 紅，華航周跌 3.44%，長榮航周跌 4.96%，並留長上影線。法人認為，航空雙雄在股價連袂創高後，又逢疫情訊息面的利空，短期壓力不小，但中長期來看，航空業築底回溫，不排除在修正後，逢低進場的買盤將再度轉趨積極。展望 2022 年，隨著各國疫苗接種率提升，航空客運需求有望加速恢復，但供給面歷經連續 2 年的低迷，因此，整體供需結構有望大幅改善，法人預期，明年下半年起，國人出國旅遊需求將急速復甦，屆時，機票價格和客運量大幅成長可期。另一方面，貨運表現也值得期待，在海轉空需求不減之下，航空貨運有望旺到明年上半年，使上半年淡季表現不淡，明年航空雙雄的貨收，維持歷史高檔水準。,"[['新變種病毒', '引發', '恐慌'], ['紅全球市場', '陷入', '新變種病毒出現恐慌'], ['法人', '認爲', '回溫'], ['航空雙雄', '又逢', '疫情訊息面利空'], ['進場買盤', '轉趨', '積極'], ['航空客運需求', '有望', '恢復'], ['供給面', '歷經', '連續低迷'], ['貨運表現', '值得', '期待'], ['航空貨運', '有望', '旺'], ['航空雙雄貨收', '維持', '高檔水準']]"
0,20211127_1155,〈熱門股〉矽晶圓市況旺 台勝科逆勢大漲23%改寫新高價矽晶圓廠台勝科 () 受惠明、後年矽晶圓需求持續續旺，本周逆勢飆漲，衝破 200 元大關，周五 (26 日) 不畏大盤重挫，仍小漲收在 235.5 元，改寫歷史新天價，股價單周強漲 23.3%。台勝科表示，第四季 12 吋晶圓代工及記憶體需求暢旺，供給持續吃緊，仍無法滿足客戶增量要求，8 吋晶圓同樣供不應求，價格方面，現有長約價格持穩，現貨價則續揚。台勝科目前 8 吋、12 吋產能均全產全銷，並預估此情況會持續到明年上半年；明年價格方面，台勝科預期，在市場供給出現缺口下，將回到 2017-2018 年矽晶圓產業高峰，價格將持穩向上，相信不會讓大家失望。台勝科並看好，明年 8 吋矽晶圓供給吃緊情況仍較 12 吋嚴重，12 吋也將開始進入供不應求，預期 2023 年供給缺口將超過 10%。,"[['強', '漲', '23.3%'], ['臺勝科', '表示', '暢旺'], ['此情況', '持續到', '明年上半年'], ['臺勝科預期', '回到', '產業高峯'], ['臺勝科', '看好', '嚴重'], [' 吋', '開始', '進入供不應求'], ['供給缺口', '超過', '10%']]"
0,20211126_1156,"新變種病毒來亂 再次複製超跌後的超額利潤？萬寶投顧陳子榕指出，美國貿易黑名單再出手，震垮台股一缸子 IC 設計、矽智財族群，被直接點名的世芯 - KY()開盤後直接跌停掉出千金行列，還好指數仍力守季線。關於 IC 設計未來仍是相當看好，以創意 () 來講，第三季繳出每股盈餘 3.11 元，創同期新高之外，第四季 ASIC 進入量產，加上專案認列旺季，預估今年營收挑戰雙位數成長，每股盈餘可望賺逾 1 個股本，因此建議投資人勿過度恐慌，仍要以個股的財報基本面來做依據。 蘋果和高通這兩家曾經緊密合作的公司，現在可以說是漸行漸遠，蘋果繼自製 A 系列、M 系列晶片之後，現在連 5G 基頻晶片也要自己來，而且找上台積電 () 以 5 奈米代工製造，後續轉進 4 奈米製程，最快 2023 年量產並導入當年 iPhone 新品。 台積電原本第四季 5 奈米先進製程需求就十分強勁，預估 11、12 月單月營收均有望突破 1,500 億元續創新高，第四季營收更上看 4,396 億元，季增 4％～6％，而現在再加上蘋果 5G 基頻晶片的加持，營運動能如虎添翼。 除了先進製程，台積電在成熟製程上也積極擴產，南京廠 28 奈米預計明年下半年開始量產，2023 年中將可由目前月產能 2.5 萬片拉升至 4 萬片。台積電股價目前回測年線止穩，雖然三大法人連續兩天大賣台積電 6,233 張，但八大官股近日卻反手積極買超台積電逾 6 億元，隨著業績動能向上，仍有機會。 晶圓代工二哥聯電 ()10 月營收首次突破 190 億元，單月及前 10 月累計營收同寫新高，目前產能利用率 100％，第四季營收估季增 2％～4％，毛利率則向上攀升至 37％～39％；聯電明年產能滿載，光是長約和單一客戶就佔了訂單量 2/3，除了兩岸持續擴產，報價也會繼續上漲。八大官股已經連續三日買超聯電 10,788 張，自營商也轉賣為買，股價有望在季線築底。 而同樣具有財報優勢的還有主板廠華擎 ()，雖然第三季受越南廠停工影響，但仍繳出單季 EPS 3.36 元同期次高的好成績，而目前越南廠已經逐漸復工，訂單遞延效應將在第四季發酵，加上微軟 Windows 11 正式釋出帶動硬體升級潮，第四季財報將可望大幅優於第三季，預估華擎第四季單季 EPS 將達 5.75 元，季增逾 7 成。 萬寶投顧陳子榕指出，11/25 公開為大家推薦華擎，股價當日盤中就攻上漲停板，有跟著我提早卡位的投資朋友都收到大紅包了。另外，近期多次和大家分享的穎崴 ()，週四(11/25) 股價再創波段新高，至週四為止漲幅 15％。 雖然指數暫時拉回整理，但好股票絕對不會寂寞，只要好好檢視基本面，搭配籌碼金流逢低找買點，可望有好收穫。 台光電 () 為全球最大無鹵 CCL 材料廠，受惠 5G 和數據中心發展，高速 CCL 需求大增，推升台光電在蘋果 iPhone 的內含價值，台光電順利打入 400G 交換器供應鏈，市占比前一代產品成長 10 倍以上，加上明年伺服器新平台換機潮，CCL 出貨動能強勁。而明年黃石、昆山廠將各增加 30 萬張 / 月產能，2023 年昆山廠還會再增加 45 萬張 / 月產能。台光電今年 EPS 估 16.63 元，明、後年為 19.56 元、23.32 元。新唐 () 為 MCU 廠，旗下日本新唐 NTCJ 推出第三代車用電池管理系統 IC，助攻新唐搶進電動車、能源車市場，進一步切入陸、日系車廠供應鏈；在併入 NTCJ 之後，新唐車用及工業產品線占比已從 25％拉升至 35％，明年將持續發酵；而今年受惠漲價和子公司認列效應，全年 EPS 估達 6 元，明年 MCU、BMC 兩大產品線仍供需吃緊，將挹注營運成長。穎崴 () 跨足記憶體測試介面，提供日本 NAND 型快閃記憶體大廠測試介面解決方案，預估可在明年貢獻營收。展望第四季到明年，高階客戶對明年高速運算等需求持續看好，今年第四季營運預期站上單季高峰。穎崴預計 2023 年首季高雄廠完工，新廠完工後可降低成本，提供整合元件製造廠 (IDM) 客戶產能需求，看好 2022 年客戶需求將優於今年，有望持續帶動明年成長。當然，還有一些好股在指數高檔震盪下，極短線籌碼仍具優勢的好股，包含車電股、第三代半導體、新蘋概等相關個股，但在篇幅有限之下，請直接進入粉絲團看看了，希望對讀者大眾，有其幫助。立即免費加入陳子榕粉絲團，可獲得更多資訊分享戰情中心陳子榕 LINE 粉絲團戰情中心陳子榕 FB 社團戰情中心陳子榕 telegram 粉絲團本公司所推薦分析之個別有價證券無不當之財務利益關係 以往之績效不保證未來獲利投資人應獨立判斷 審慎評估並自負投資風險","[['萬寶', '投顧', '陳子榕指出美國貿易黑名單出手'], ['陳子榕', '指出', '美國貿易黑名單出手'], ['指數', '力守', '季線'], ['第三季', '繳出', '3.11元'], ['第四季ASIC', '進入', '量產'], ['蘋果', '自制', 'A系列'], ['自己', '來', '基頻晶片'], ['2023年量產', '導入', '當年iPhone新品'], ['28奈米', '預計', '開始量產'], ['三大法人', '賣', '6電'], ['八大官股', '買', '有機會'], ['10月營收', '突破', '190億元'], ['累計營收', '寫', '新高'], ['八大官股', '買', '張超聯電'], ['股價', '有望', '築底'], ['同樣', '具有', '財報優勢'], ['具有財報優勢的', '還有', '(華擎'], ['第三季', '受', '停工'], ['EPS', '達', '5.75元'], ['\xa0萬寶', '投顧', '陳子榕指出爲'], ['陳子榕', '指出', '爲'], ['11/25公開', '爲', '推薦華擎'], ['有', '跟著', '提早卡位'], ['投資朋友', '收到', '大紅包'], ['11/25)股價', '再創', '新高'], [')\xa0臺光電', '爲', ' CCL 材料廠'], ['市', '推', '400G交換器供應鏈'], ['EPS', '估', '16.63元'], ['明', '爲', '19.56元'], [')', '爲', 'MCU廠'], ['唐NTCJ', '推出', '管理系統IC'], ['全年EPS', '估達', '6元'], ['兩大產品線', '供需', '喫緊'], ['極短線籌碼', '仍具', '優勢'], ['極短線籌碼', '仍具', '優勢'], ['大衆', '有', '其幫助'], ['個別有價證券', '無', '財務利益關係']]"
0,20211126_1157,其陽在手訂單創高 明年將迎豐收年佳世達 () 集團旗下網安設備廠其陽 () 今 (26) 日召開法說會，其陽董事長李昌鴻表示，在手訂單創新高，隨著缺料緩解，加上遞延需求及漲價效益等，明年將會是豐收年。李昌鴻表示，網安設備需求今年明顯提升，歐美、亞洲地區接單量都有提升，但缺料使得訂單達交率不如預期，接單出貨比 (B/B Ratio) 最高曾逾 2、目前為 1.8，手上仍有許多訂單待出貨，但隨著料況好轉，出貨狀況將同步改善。除了缺料情形舒緩外，其陽因也母公司友通 () 遷廠，10 月出貨表現受到影響，不過，隨著友通遷廠告一段落，其陽 11 月起出貨狀況也將好轉，加上漲價效益陸續發酵，可望帶動明年毛利率、營益率回升。而其陽也展開第三個十年發展計畫，李昌鴻表示，除了重組公司資源、購置新企業總部並制定產品策略發展方向，未來將專注於高階網路安全硬體平台的開發與銷售。,"[['將', '迎', ')佳世達'], ['其陽', '召開', '說會'], ['其陽董事長李昌鴻', '表示', '是豐收年'], ['李昌鴻', '表示', '網安設備需求提升'], ['手上', '爲', '待出貨'], ['出貨表現', '受到', '影響'], ['其陽', '展開', '發展計劃'], ['李昌鴻', '表示', '專注']]"
0,20211126_1158,敬鵬樂觀看待明年 全球汽車板需求朝正向發展汽車板市場逐漸復甦，除健鼎 () 預估今年出貨將達 110 億元創新高，敬鵬 () 發言人蕭公彥也指出，汽車客戶的需求依舊非常強勁，看好敬鵬明年業績成長，不過，最大變數還是要看全球汽車供應鏈問題能否解決，仍樂觀預估明年會比今年好。敬鵬為汽車板供應商，受惠電動車蓬勃發展，2021 年第三季營收創下歷史高檔，不過，預估要到 2023-2025 年才會放量；敬鵬 9 月底常熟廠受限電措施影響，因應不及衝擊獲利表現，第三季出貨以汽車應用占 80% 居多，工業控制占 8%，網通應用占 8%，消費電子應用占 3%。敬鵬 2021 年第三季營收 47.96 億元，毛利率 6.06%，稅後純益 3.18 億元，每股純益 0.8 元；前三季營收 134.49 億元，毛利率 6.65%，稅後純益 3.53 億元，每股純益 0.89 元。敬鵬今年財報主要受二大因素影響，一是原物料價格，另一項則是匯率，蕭公彥指出，原物料部分，今年來敬鵬已經漲價過兩次，有助毛利率拉升，但匯率的部分仍在與客戶討論中。蕭公彥指出，全球汽車市場還是受到長短料、缺工、航運等不利因素影響，尤其是缺工，很多物料短缺的狀況來自缺工的問題不少，不過現在疫苗覆蓋率越來越高，治療藥劑及政府強制施打疫苗政策等幫助下，預期明年的缺工問題會獲得改善。以過往經濟狀況正常的年度來看，全球一年汽車銷售量約 9000 萬輛，蕭公彥指出，2021 年有 600-800 萬輛是屬於剛性換車需求無法被滿足，放眼明年，無法被滿足的需求遞延出貨，加上明年度的剛性需求，敬鵬正面看待明年汽車出貨回溫，有望優於研調機構的預估。,"[['敬鵬', '看待', '汽車板市場復甦'], ['出貨', '達', '高'], ['發言人蕭公彥', '指出', '看解決汽車供應鏈問題'], ['敬鵬', '爲', '受惠電動車發展'], ['消費電子', '應用佔', '8%'], ['財報', '受', '大因素影響'], ['一', '是', '原物料價格'], ['另一項', '是', '匯率'], ['蕭公彥', '指出', '討論中'], ['蕭公彥', '指出', '汽車市場受到不利因素影響'], ['汽車市場', '受到', '不利因素影響'], ['很多物料短缺狀況', '來自', '缺工'], ['政府', '施', '打疫苗'], ['強制', '施', '打疫苗'], ['蕭公彥', '指出', '600-800萬輛屬於換車需求滿足'], ['600-800萬輛', '屬於', '換車需求滿足'], ['敬鵬', '看待', '出貨回溫']]"
0,20211126_1159,台新銀新南向報捷 大馬納閩分行、吉隆坡行銷服務處齊開業台新金 () 旗下台新銀行近期海外據點布建增速，繼今 (2021) 年 6 月底泰國曼谷辦事處開業之後，今 (26) 日馬來西亞納閩分行、吉隆坡行銷服務處正式揭牌開業，為新南向再下「二城」。由於全球疫情仍屬嚴峻，邊境持續管制，台新金控董事長吳東亮以錄影方式進行致詞，特地感謝馬來西亞政府及納閩金管局的協助與指導，籌備過程中提供協助的夥伴以及恪守崗位的同仁，納閩分行及吉隆坡行銷服務處開業後，可提供海外客戶更全面的跨國金融服務，亦讓台新於亞洲的布局更加完整，對馬來西亞的經濟發展將有一定的貢獻。台新銀行法人事業金融總處執行長林淑真表示，由於台新銀對東南亞業務發展的高度重視，並積極響應政府的新南向政策，因此在馬來西亞同時設立「納閩分行」及「吉隆坡行銷服務處」，除了能夠強化滿足海外台商的跨國金融服務需求之外，並將積極經營當地金融市場，拓展東協地區的國際金融業務。在馬來西亞在疫苗施打率持續提升下，新冠疫情的不利影響料將逐漸趨緩，台新銀行將在審慎評估及加強風險控管下，持續業務開展，並期待疫情後亮眼的經濟復甦商機。林淑真指出，馬來西亞除了擁有豐沛的礦產和農業資源，馬國政府也持續推動各產業升級發展。根據瑞士洛桑國際管理發展學院 (IMD) 發布之「2021 年全球競爭力年報」(The World Competitiveness Yearbook 2021) 顯示，馬來西亞排名由 27 名提升到 25 名，在東協國家中僅次於新加坡，顯見其在國際市場的重要地位。在疫情持穩的狀況下，各預測機構的報告均看好大馬地區的經濟將呈現跳躍式成長，並且逐步成為台商在全球投資布局的重要地點，足見馬來西亞在新南向區域的重要地位。台新銀行納閩分行是繼香港、新加坡、日本東京、澳洲布里斯本後，於海外設立的第五家分行。林淑真強調，除了積極申設中的越南隆安分行之外，為滿足兩岸三地台商全方位金融服務需求，已開展上海辦事處升格為上海分行的各項申請作業，未來台新於亞洲地區的佈局將更臻完整。,"[['全球疫情', '屬', '嚴峻'], ['新金控董事長吳東亮', '進行', '致詞'], ['籌備過程中', '提供', '協助'], ['以及', '恪守', '崗位'], ['提供協助夥伴', '提供', '金融服務'], ['執行長林淑真', '表示', '設立納閩分行'], ['能夠', '強化', '金融服務需求'], ['臺新銀行', '開展', '業務'], ['馬國政府', '推動', '各產業升級'], ['大馬地區經濟', '呈現', '跳躍式成長'], ['臺新銀行納閩分行', '是', '第五家分行'], ['林淑真', '強調', '臻']]"
0,20211126_1160,"張志誠觀點－冬奧前北京自駕車試點營運，將帶起那些自駕零組件商機？中國在北京規劃自動駕駛示範區以來已率先發布無人配送車上路、高速公路測試、無人化測試等政策，目前為止，累計安全測試里程接近 300 萬公里。網路巨擘百度在北京測試自動駕駛已有一段時間，另外還有百度與日本豐田汽車支持的新創公司小馬智行，百度和小馬智行成為北京自動駕駛服務商業化試點首先獲得經營執照的兩家企業。中國選在北京推出自駕車試點的服務，就是要趁勢在明年北京冬奧舉行時起到示範作用，冬奧將會有世界各國的代表團蒞臨，這除了是向世界展示中國技術創新的好時機，也是北京要開始啟動冬奧商機的徵兆。通用汽車旗下自駕車事業 Cruise 正在尋求加州監管機構的最終核準，這是自駕車隊商業化的最後一個步驟，若獲得批準 Cruise 將成為首家在美獲準經營無人駕駛計程車隊的公司。自動駕駛的技術各大車企都在加緊研發，由於汽車駕駛關係到用路人安全，因此各國對自動駕駛的法規和審核都是從嚴處理，特斯拉也尚無法達到完全自動駕駛的地步，中國在北京冬奧前正式核準自駕商業化試點，就是要宣示擠身全球自動駕駛領導國之一，這將會順勢帶起自駕相關零組件的龐大商機。自動駕駛將是未來趨勢，當然技術的進步是最重要的，只有技術進步和成本下降，才有可能普及到大眾消費市場，還有新冠肺炎疫情已經影響全球將近兩年時間，在疫情嚴重時只能盡量減少人為接觸的機會才能降低風險，歐洲疫苗的第一劑和第二劑比例高居全球前段班，但是管制一放鬆，而且沒有戴口罩的習慣，疫情又不斷復燃，奧地利又開始封城，德國、荷蘭新染疫人數又多起來，南非則是發現新的變種病毒，傳染力更強，雖然香港目前才發現一例，但隨時有擴散的風險，在這樣的氛圍下，大型零售商都在加緊打造自動駕駛的物流車隊。在這波自動駕駛的龐大商機，有些值得注意的股票健和興 (): 打入特斯拉在大陸的供應鏈，特斯拉在大陸已建設開放超過 1,000 座超級充電站，超過 8,000 個超級充電樁，兩年還要把數目擴大兩倍，充電槍的需求將隨著充電站的設置而成長。持續下跌量縮，指標落到低檔超賣區，待指標落底後有機會觸底反攻。康舒 (): 拜登政府通過一兆美元基建案，其中部分經費將用來打造全美的充電站網絡，淘汰燃油車已是美國的國家政策，未來充電站將會跟加油站一樣遍佈全美，康舒是特斯拉充電椿的供應商，在廣設充電站、充電椿利多加持下，末來營運可期。股價回檔量縮，指標落到低檔超賣區，待指標落底隨時就會反攻。奇鋐 (): 電動車為散熱模組廠未來十年最大成長來源，目前奇鋐正在積極開發電動車散熱解決方案，預估明年將推出電動車相關產品，未來成長性值得期待。股價回檔到月線附近看能否尋求支撐，盤整後有機會再攻。想知道個股後面怎麼觀察嗎？一定要加入我們的 line 粉絲團。(  )想獲得更多產業和個股解析，記得點下面網址加入我的 LINE 官方帳號喔。股市帝國張志誠 LINE 粉絲團股市帝國張志誠 YOUTUBE 影音頻道股市帝國張志誠 TELEGRAM 頻道","[['自駕車試點營運', '帶', '零組件商機'], ['中國', '發佈', '無人等配送車上路政策'], ['無人', '配送', '車上路'], ['無人', '配送', '車上路'], ['安全測試里程', '接近', '300萬公里'], ['駕駛', '已有', '一段時間'], ['百度', '成爲', '兩家企業'], ['首先', '獲得', '經營執照'], ['中國', '選在', '北京'], ['北京', '推出', '自駕車試點'], ['推出自駕車試點服務', '起', '示範作用'], ['冬奧', '有', '世界各國代表團蒞臨'], ['世界', '展示', '中國技術創新'], ['這', '開始', '啓動冬奧商機徵兆'], ['自駕車事業Cruise', '尋求', '最終覈准'], ['這', '是', '最後一個步驟'], ['獲得批准Cruise', '成爲', '獲准經營公司'], ['美', '獲准', '經營'], ['汽車駕駛關係', '到', '用'], ['駕駛法規', '都是', '處理'], ['特斯拉', '達到', '駕駛地步'], ['中國', '覈准', '商業化試點'], ['這', '帶', '龐大商機'], ['駕駛', '是', '未來趨勢'], ['技術進步', '是', '重要的'], ['第二劑比例', '居', '前段班'], ['南非', '沒有', '封城'], ['新', '染', '疫'], ['香港', '發現', '一例'], ['特斯拉', '建設', '超級充電站'], ['開放', '超過', ',000'], ['開放', '超過', ',000'], ['指標', '落到', '低檔超賣區'], ['拜登政府', '通過', '一兆美元基建案'], ['部分經費', '用來', '打造充電站網絡'], ['淘汰燃油車', '是', '國家政策'], ['未來充電站', '遍佈', '全美'], ['康舒', '是', '充電椿供應商'], ['指標', '落到', '低檔超賣區'], ['電動車', '爲', '成長來源'], ['奇鋐', '開發', '散熱解決方案'], ['未來成長性', '值得', '期待'], ['股價', '回', '檔'], ['下面網址', '加入', '官方帳號']]"
0,20211126_1161,繼臻鼎、英利後 鮮活果汁-KY也啟動兩岸雙掛牌計畫鮮活果汁 - KY() 今 (26) 日董事會通過，子公司昆山鮮活果汁公司將首次公開發行普通股股票，並申請在中國大陸上海或深圳證交所上市，預計在 2022 年中到 2023 年送件，一旦昆山鮮活在中國大陸 IPO，將成繼臻鼎 - KY() 及英利 - KY() 之後，第三家在兩岸雙掛牌的 KY 公司。除此之外，專業 EMI 材料及衡器製造商鼎炫 - KY() 旗下的隆揚電子，趕在昨 6 月 30 日完成向中國大陸深圳交易所送件申請 A 股上市交易。鮮活果汁 - KY 中國子公司鮮活果汁（簡稱昆山鮮活）從事果汁、果粒、果粉類等生產與銷售，鑒於中國市場快速發展，為提高公司及昆山鮮活競爭力並提升品牌形象，以拓展中國市場，也吸引及激勵優秀專業人才，昆山鮮活擬向中國當地證券主管機關申請股票上市，以有效提升競爭力及品牌形象。鮮活果汁 - KY 董事長黃國晃說，除考量中國地區申請股票上市掛牌法規要求，昆山鮮活為因應公司擴大產能、購置土地、強化物流倉儲系統等資金需要，擬於中國當地辦理現金增資引進外部策略投資者 Gojiberry Limited 及富拉凱諮詢（上海）公司，策略投資者投資後，預計占昆山鮮活股權比例 12.9%，公司仍持有昆山鮮活股權比例 87.1%，維持控制權。鮮活果汁 - KY 的昆山鮮活於中國申請股票上市案，經公司審計委員會及董事會討論通過，將於 2022 年 1 月 18 日股東臨時會決議通過，在適當時機向上海或深圳證交所申請股票上市，昆山鮮活在中國股票上市後，公司仍保有對昆山鮮活控制權，將持續於台灣證交所上市，盡全力透過中國股票上市提升鮮活在中國品牌知名度及銷售業績，以增進公司股東權益。昆山鮮活目前的註冊資本為 1910 萬美元，並控有鮮活果汁 - KY 的廣州、天津廠全部股權。鮮活果汁 - KY 新產能已完成量產，年產能達 13 萬噸，鮮活果汁 K Y 前三季營收為 38.84 億元，毛利率 39.65%，年減 6.21 個百分點，稅後純益 6.97 億元，創歷史同期新高，年增 13.1%，每股純益達 20.64 元。,"[['鮮活果汁KY', '啓動', '董事會鮮活果汁通過'], ['子公司崑山鮮活果汁公司', '發行', '普通股股票'], ['隆揚電子', '完成', '送件申請 A 股上市交易'], ['鮮活果汁', '從事', '等果汁生產'], ['KY董事長黃國晃', '說', '預計佔12.9%比例'], ['中國地區', '申請', '股票'], ['中國地區', '申請', '股票'], ['公司', '擴大', '產能'], ['公司', '持有', '鮮活股權比例'], ['崑山', '鮮活於', '申請股票上市案'], ['中國', '申請', '股票'], ['公司', '保有', '鮮活控制權'], ['公司', '保有以', '增進公司股東權益'], ['目前註冊資本', '爲', '1910萬美元'], ['新產能', '完成', '量產'], ['前三季營收', '爲', '38.84億元'], ['每股', '純益達', '20.64元']]"
0,20211126_1162,精英Q4本業可望維持獲利 3年內年營收上看500億元精英 () 第三季在新團隊進駐下，本業由虧轉盈，董事長鍾依文、副董事長暨總經理王金來今 (26) 日親自召開法說會釋出展望，精英強調，未來將持續調整營運，下半年本業可望維持獲利，全年營收目標 300 億元可望達標，明年將再優於今年，也預期 3 年內營收上看 500 億元。鍾依文表示，現階段精英營運重點將放在降低費用、利潤提升，希望穩固現有產品線並優化營運管理，整體來看，明年營收、獲利都可望優於今年，新事業布局則預期要到明年第四季效益才會顯著浮現。鍾依文也透露，目前部分產品毛利率已達 26%，雖然占比仍低，但也代表精英往高毛利、高利基產品布局效益漸顯，目前對明年前三季的訂單掌握度高，強調會在「石頭裡擠出水」，優化產品、維持營運獲利表現。隨著新團隊進駐效益發酵，鍾依文認為，在營運改善下，既有產品線就可望支撐營收站穩 300 億元大關，加上營運優化、新事業發酵下，明年營運雙位數成長可期。市場也關注深圳廠房搬遷補償金認列事宜，精英表示，已完成認列 11.5 億元，後續仍有約 25 億元，將依中國法律環境履約，但考量未來營運發展，部分資金將用於購置工廠、土地、設備等，因此實際獲利金額可能不同。營運方面，精英第三季本業轉盈，稅後純益達 8255.1 萬元，每股賺 0.14 元，累計前三季仍虧 4248.9 萬元，由去年同期轉虧，每股虧 0.08 元。,"[['本業', '維持', '獲利'], ['鍾依文', '表示', '營運重點放在降低提升'], ['營運重點', '放在', '降低提升'], ['明年營收', '可望優於', '今年'], ['新事業佈局', '預期', '明年第四季效益浮現'], ['部分產品毛利率', '達', '26%'], ['鍾依文', '認爲', '支撐穩'], ['營收站', '穩', '300億元大關'], ['市場', '關注', '搬遷補償金認列事宜'], ['精英', '表示', '完成11.5億元認列'], ['部分資金', '用於', '購置等工廠'], ['每股', '賺', '0.14元'], ['每股', '虧', '0.08元']]"
0,20211126_1163,鴻海青島高端封測廠正式啟用 首條晶圓級產線投產鴻海 () 今 (26) 日在青島西海岸新區舉行高端封測廠投產儀式，首條晶圓級封裝測試生產線正式啟動，項目進入生產運營階段。鴻海表示，首座晶圓級封測廠導入全自動化運輸、智能化生產與電子分析等高端系統，打造工業 4.0 智能型無人化燈塔工廠，月產能約 3 萬片。據了解，鴻海半導體高端封測項目從去年開工到量產僅耗時 18 個月，也創下產業建廠新速度。鴻海青島半導體高階封測計畫總投資 10 億元、約 45 億元，未來將鎖定目前快速成長的第五代行動通訊 (5G)、人工智慧 (AI) 等高階應用晶片封測需求。,"[['封測廠', '啓用', '產線投產鴻海'], ['項目', '進入', '生產階段'], ['鴻海', '表示', '封測廠導入高端系統'], ['封測廠', '導入', '高端系統'], ['高端封測項目', '創下', '產業建廠新速度']]"
0,20211126_1164,弘憶股車載乙太網導入國際車廠 2022年進入量產半導體通路商弘憶股 () 今 (26) 日召開法說會，展望後市，弘憶股表示，車載乙太網路已導入國際知名車廠，2022 年將進入量產，看好後續車用業績成長顯著。弘憶股指出，儘管第四季部分消費性需求如物聯網、藍芽、SSD 下修，不過，受惠筆電與周邊相關應用，包括 WiFi 5/6、乙太網、網路交換器等，加上車載相關應用、運營商標案市場等業績持續成長，營運仍抱持審慎正向看法。細分各產品線，弘憶股看好 WiFi 5/6 需求，WiFi 4 需求減少則由紅色供應鏈取代，其中，WiFi6 受惠終端客戶進入大量生產，累積至今年為止，出貨已突破 200 萬顆，預期明年隨著 WiFi 6 滲透率提升，出貨可望再成長。乙太網方面，弘憶股今年 2.5G 出貨已突破 250 萬顆，預期第四季需求仍大於供給。展望後市，弘憶股將持續加強公司治理機制，實踐永續經營的責任，未來除開拓高成長的產品應用市場與提升客戶滲透率外，將進行數位轉型精進營運效率、優化營運管理系統、增強財務管控制度、強化人力資源管理，以提昇附加價值。,"[['弘憶股車載乙太網', '導入', '國際車廠'], ['弘憶股車載乙太網', '導入', '國際車廠'], ['2022年', '進入', '量產'], ['半導體通路商弘憶股', '召開', '說會'], ['弘憶股', '表示', '乙太網路導入知名車廠'], ['乙太網路', '導入', '知名車廠'], ['受惠筆電', '包括', '等WiFi'], ['受惠終端客戶', '進入', '大量生產'], ['出貨', '突破', '萬顆200'], ['出貨', '可望', '成長'], ['今年2.5G出貨', '突破', '250 萬顆'], ['第四季需求', '大於', '供給'], ['弘憶股', '加強', '治理機制'], ['與', '提升', '客戶滲透率']]"
0,20211126_1165,傳與券商系統遭駭有關 三竹：系統運作一切正常針對近日券商發生港股異常下單案件，市場傳券商系統被駭與三竹資訊 () 有關，對此，三竹今 (26) 日發聲明強調，此事件與公司無關，系統運作一切正常，持續供應穩定服務給所有客戶，籲相關人士發文與報導應善盡查證之責，切勿混淆視聽。近期券商遭駭客攻擊資安事件頻傳，證交所昨日下午 5 時 27 分接獲元大證券、統一證券通報資安事件，其複委託下單系統遭駭客入侵，進行複委託下單並成交。由於市面上多數券商 App 都是由三竹資訊所提供，市場一度傳出券商系統被駭與三竹系統有關。對此，三竹回應，對已發生的事件深表遺憾，同時強調整起駭客事件與公司毫無關聯，提醒投資人注意，應定期更換投資帳戶密碼，以維護自身權益。,"[['遭駭', '有關', '三竹'], ['系統', '運作', '一切'], ['近日券商', '發生', '異常下單案件'], ['系統運作', '供應', '穩定服務'], ['系統運作', '供應給', '所有客戶'], ['券商', '遭', '駭客攻擊資安事件頻傳'], ['下單系統', '遭', '駭客入侵'], ['市場', '傳出', '券商系統駭'], ['三竹回應', '深表', '遺憾'], ['整駭客事件', '毫無', '關聯']]"
0,20211126_1166,通膨+病毒威脅 台股周線收黑 官股單周斥資132億元買股通膨壓力升溫與新型變種病毒來勢洶洶，台股周線收黑，市值蒸發 1.36 兆元，官股券商本周斥資 132 億元進場穩盤，透過低接權值股與指標個股，抵禦外資賣壓。來自南非的新型變種病毒驚傳進攻香港，投資市場恐慌情緒再起，外資今 (26) 日不留情面大舉提款 309 億元走人，自營商與投信也跟著倒貨落跑，合計三大法人共賣超 386.78 億元，周線終結連 7 紅，指數收在 17369.39 點。為抵禦外資賣壓，官股券商本周五個交易日有三天進場掃貨，且單日買超規模都超過 30 億元以上，其中 23、25 日分別買超 39.62 億元、32.74 億元，今天更一口氣買超 60 億元。買超標的除趁機低接鴻海 ()、中鋼 () 等權值股外，還包括金融股中的開發金 ()、新光金 ()、國泰金 ()、台企銀 ()、富邦金 ()，以及面板雙虎友達 () 與群創 () 等。,"[['臺股周線', '收', '股通膨壓力升溫'], ['臺股周線', '收', '黑'], ['市值', '蒸發', '1.36兆元'], ['17369.39點', '來自', '南非'], ['新型變種病毒', '進攻', '香港'], ['外資', '提款', '億元走人'], ['自營商', '跟著', '落'], ['官股券商', '有', '進場'], ['單日', '買', '超'], ['23日買', '超過', '30億元以上'], ['等', '買', '超標'], ['買超標的', '包括', '等)金']]"
0,20211126_1167,〈大立光首買庫藏股〉1個月內砸12億元買回580張 執行率逾43%大立光 () 執行買回庫藏計畫今 (26) 日屆滿 1 個月，大立光公告，累計已買回 580 張庫藏股，執行率達 43.12%，等於公司在 1 個月內砸下 12.13 億元，買回庫藏均價 2090 元，高於大立光 26 日收盤價 2025 元。大立光 10 月 25 日決議，擬在每股 2025-3300 元間買回 1342 張庫藏股，約 1% 股權，以最高價計算，大立光最多約砸 44 億元銀彈護盤，是大立光 2002 年上市掛牌以來首度買回庫藏股，其買回庫藏股均價，也創台股上市公司買回庫藏股的新高價紀錄。大立光 2021 年前三季稅後純益 135.36 億元，年減 22.99%，每股純益為 100.91 元。大立光今天股價收在 2025 元，較昨日下跌 25 元或 1.22%，成交量為 298 張。,"[[')大立光執行買回庫藏計劃', '屆滿', '個月'], ['公司', '砸', '億元'], ['大立光', '砸', '回庫藏股'], ['其', '買', '回庫藏股'], ['創臺股上市公司', '買回', '新高價紀錄'], ['每股', '爲', '100.91元'], ['股價大立光收', '在', '2025元'], ['成交量', '爲', '298張']]"
0,20211126_1168,"私募基金擬斥272億元併金可-KY 溢價38.6% 明年上半年完成私有化金可 - KY() 今 (26) 日宣布，與私募基金 Glamor Vision Ltd 簽署合併契約，Glamor Vision 將以現金支付每股 280 元為對價，收購金可全部股權，以金可 25 日收盤價 202 元計算，溢價達 38.6%，總交易金額 272 億元，預計明年上半年完成。金可表示，此併購案將經股東會決議通過，並取得相關主管機關核准，預計明年上半年完成，若併購案順利進行，金可將私有化成為 Glamor Vision 旗下 100% 子公司，並終止櫃買中心交易。Glamor Vision 是由金可主要股東 Hydron International Co., Ltd. 設立，後續將由亞洲最大私募投資公司之一的霸菱亞洲投資 (Baring Private Equity Asia)，以及金可另一主要股東 New Path International Co., Ltd. 作為共同投資人。金可董事長蔡國洲表示，此次合併案符合金可股東利益，金可私有化後能採取更靈活的發展策略，並追尋長期企業價值提升，帶往更國際化的方向，此外，霸菱亞洲是目前公司最好的長期戰略合作夥伴。蔡國洲指出，併購案完成後，金可將借重霸菱亞洲的國際經驗及專業，與公司經營階層及員工共同努力開發業務，並持續拓展國際市場。金可致力於角膜接觸鏡 (隱形眼鏡)、高效能角膜接觸鏡護理液及潤眼液的研發、製造及銷售，金可私有化後台中全球總部、上海總部以及全球經銷通路與兩岸的工廠均維持不變。霸菱亞洲為全球領先地位的私募股權基金公司，旗下管理總資產超過 370 億美元，布局橫跨香港、北京、上海、孟買、新德里、新加坡、東京、倫敦、雪梨和洛杉磯，此外，霸菱亞洲擁有超過 24 年投資記錄，為旗下的投資組合公司提供豐富的資源支援和潛在價值創造機會。","[['金可', '表示', '此併購案通過'], ['GlamorVision', '是', 'Hydron International Co'], ['後續', '作爲', '共同投資人'], ['金可董事長蔡國洲', '表示', '此次合併案符合可股東利益'], ['此次合併案', '符合', '可股東利益'], ['霸菱亞洲', '是', '戰略合作伙伴'], ['蔡國洲', '指出', '金可借重國際經驗'], ['金可', '借重', '國際經驗'], ['可', '致力於', '隱形眼鏡接觸鏡'], ['霸菱亞洲', '爲', '全球領先地位'], ['霸菱亞洲', '爲', '全球領先地位'], ['管理總資產', '超過', '370億美元'], ['佈局', '橫跨', '香港'], ['霸菱亞洲', '擁有', '投資記錄'], ['霸菱亞洲擁有投資記錄', '超過', ' 年']]"
0,20211126_1169,外資連二賣航空雙雄累計21.7萬張 金融股成提款重災區台股今 (26) 日跳水重挫，終場大跌 284.8 點，收 17369.39 點，跌破月線，並回測半年線。外資大舉賣超航運族群與金融股，航空雙雄遭連二賣，共賣超 21.7 萬張，貨櫃及晶圓雙雄同遭提款，金融股也淪重災區，共 4 檔遭賣超逾 1.5 萬張。三大法人方面，外資狂砍 309.63 億元，投信賣超 8.42 億元，連七賣，自營商也大舉提款 68.71 億元，三大法人共賣超 386.78 億元。期貨方面，外資增持多單 25483 口，空單未平倉口數降至 20043 口；投信增持空單 872 口，空單未平倉口數增至 2783 口；自營商增持空單 839 口，多單未平倉口數降至 13593 口。外資今日大賣航運族群與金融股，航空雙雄長榮航、華航分別遭大砍超過 4.6 萬張、4.5 萬張，貨櫃雙雄長榮、陽明各遭提款 2.7 萬張、1.7 萬張。金融股成外資提款重災區，大賣開發金 2.2 萬張，國泰金 1.9 萬張，台新金、元大金各 1.5 萬張，兆豐金、富邦金、華南金、第一金、新光金、中信金、臺企銀各超過 5000 張。電子權值股部分，外資集中賣超大型權值股，晶圓雙雄台積電、聯電各遭賣超 9810 張、1.2 萬張，鴻海也遭賣 1.2 萬張，彩晶 1 萬張，欣興、仁寶各超過 5000 張。外資買超方面，主要集中在電子股，買超群創 1.5 萬張，光磊 6458 張，宏碁 5064 張，旺宏、瑞軒、揚智、鈺創、創惟、神達、技嘉、新唐、康舒、晶豪科、精英、台光電，買超張數都超過 2000 張。法人指出，下周關注美股感恩節後走勢，但台股在失守月線後，短線盤勢格局偏弱，未收復短期均線前，宜汰弱留強操作，不排除大盤恐持續往季線下探。,"[['連二', '賣', '航空'], ['外資', '賣', '超航運族羣'], ['航空雙雄', '遭', '二賣'], ['貨櫃', '遭', '提款'], ['金融股', '淪重', '災區'], ['4遭', '賣超逾', '1.5萬張'], ['未平倉口數', '降至', '20043口'], ['未平倉口數', '增至', '2783口'], ['未平倉口數', '降至', '13593口'], ['航空雙雄長榮航', '遭', '大砍'], ['兆豐金', '超過', '5000張'], ['鴻海', '遭賣', '1.2萬張'], ['欣興', '超過', '張'], ['外資買方面', '集中在', '電子股'], ['買超張數', '超過', '2000張'], ['法人', '指出', '收復短期均線前'], ['下週', '關注', '節後走勢']]"
0,20211126_1170,彰銀看好升息趨勢爭取聯貸主辦 拚提高淨利差彰化銀行 () 在核心業務成長帶動下，今年前 10 月稅後純益 74.71 億元，提前超越去年整年獲利，看好未來升息趨勢，可望提高淨利差 (NIM)，進一步挹注獲利表現，明年將善用海外分行與 OBU，爭取海外放款業務提高獲利表現。彰銀今 (26) 日舉行第 3 季線上法說，彰銀今年前三季稅後純益 67.74 億元，較去年同期增加近 2 成，累計每股稅後純益 (EPS) 0.71 元。在核心業務部分，隨著下半年疫情趨緩，國內防疫警戒降至二級後，民間活動增加，加上出口火熱，帶動手續費淨收益較去年同期微幅成長，總放款量在持續開拓中小企業客群，及積極推動優質房貸業務等因素下，較去年同期成長 5.79%，包括中小企業放款及個金成長約 7.86% 及 14.08%；而存款量無論是台外幣均有兩位數成長，營運動能持續增強，有助提升未來獲利。彰銀主管表示，目前各國對半導體需求及國際原物料行情持續走高，且國內半導體業者積極擴大資本支出，加上國內疫後振興政策可望帶動內需回溫，預估包括出口、投資與內需消費都會有不錯的表現。彰銀主管說，在明年全球央行升息趨勢下，銀行將著眼於海外市場利基，透過積極爭取聯貸主辦與調整客群結構，提高整體淨利差；在個金部分，主要來自房貸業務，前三季房貸較去年同期增加 15%。彰銀主管表示，看好未來房市可望價量俱揚，未來將審慎挑選優質客戶與地段好的物件承做，但也要留意房市過熱，主管機關政策對於房市的影響。在股利政策部分，彰銀明年將採取「剩餘股利政策」，意即公司獲利將優先滿足資本需求，剩餘部分才會派發股利，暗示明年股利以股票股利為主。,"[['，', '彰銀', '億元純益'], ['防疫警戒', '降至', '二級'], ['持續', '開拓', '中小企業客羣'], ['積極', '推動', '房貸業務'], ['總放款量', '包括', '中小企業放款'], ['存款量', '均有', '兩位數成長'], ['彰銀主管', '表示', '半導體需求行情走'], ['半導體業者', '擴大', '資本支出'], ['振興政策', '可望', '內需回溫'], ['出口', '有', '不錯表現'], ['彰銀主管', '說', '提高整體淨利差'], ['彰銀主管', '表示', '看好可望價量俱揚'], ['彰銀', '採取', '剩餘股利政策'], ['剩餘部分', '派發', '股利']]"
0,20211126_1171,建榮擴建新廠今年底完工 設備更新有助優化產品結構日本日東紡持股高達 47.65% 的玻纖布廠建榮工業 ()，在台擴建新廠工程將於今年底完工，此外，建榮對於織布機的持續更新，將有助產品結構進一步優化。建榮工業今 (26) 日由副總經理劉純珍出席櫃檯買賣中心舉辦之「櫃買市場業績發表會」，劉純珍並對於董事會決議投資 4.3 億元的擴建及更新計畫進展提出說明。劉純珍指出，建榮的新廠工程雖略有誤，但是可望在 2021 年底前完工，至於設備的進駐及更新，也在全力解決因疫情的的邊境管制下加速進行中。建榮母公司在嘉義民雄投資的福隆玻纖紗二廠，已在今年 9 月 30 日完工，將可生產出較大規模的高階玻纖紗，並供應給建榮織成滿足高頻高速、低介電的高階玻纖布需求，提供在 AI、AR、VR、資料中心、5G 相關應用。劉純珍指出，建榮的營運首重穩健，並進一步追求產品及客戶的優化，今年第三季營收 3.53 億元，毛利率 12.89%，季減 0.41 個百分點，年減 0.92 個百分點，稅後純益 1418 萬元，季增 18.18%，年減 49.85%，每股純益 0.07 元；前三季營收 10.83 億元，毛利率 13.38%，年增 0.25 個百分點，稅後純益 4257 萬元，年減 48.26%，每股純益 0.22 元。劉純珍指出，今年建榮營收遭遇疫情、缺櫃、塞港、升值等外在不可控因素干擾，但經營團隊全力以優化產品及客戶結構，全力控制成本等可控的因子做到最好，也讓今年來各季的營運走勢得以穩健。對於法人關注於市場對於 5G 應用的需求成長，建榮在本次的擴廠完成並量產後，何時再啟動新一輪的擴張計畫，讓建榮成為日東紡在兩岸甚至是亞洲的 5G 高階玻纖布生產重心，劉純珍說，目前並沒有進一步具體的新計畫。,"[['玻纖布廠', '建', '榮'], ['劉純珍', '提出', '說明'], ['劉純珍', '指出', '可望完工'], ['新廠工程', '略有', '誤'], ['劉純珍', '指出', '穩健'], ['劉純珍', '指出', '遭遇不可控因素干擾'], ['以', '優化', '產品'], ['法人', '關注於', '市場'], ['建榮', '啓動', '擴張計劃'], ['劉純珍', '說', '並沒有新計劃']]"
0,20211126_1172,茂迪訂單排至明年Q2 下世代電池年產能跳增至200MW太陽能模組廠茂迪 () 近年營運明顯好轉，展望明年，總經理葉正賢表示，由於系統廠逐步了解下世代 TOPCon 太陽能電池的優勢，客戶訂單已排到明年第二季，茂迪為舒緩交期、啟動擴產，預計明年 TOPCon 產能自 15MW，增加至 200MW，有助營運規模擴大。葉正賢表示，董事會此次通過資本支出約 15 億元，為五年來首見的最大規模，其中，約 4 億元用於發展下世代 TOPCon 電池技術及擴充新產能，11 億元則投入太陽能系統建置。葉正賢指出，TOPCon 電池與前世代相比，同樣面積下，可使系統發電效率高出 14.6%，並減緩光衰減，有助降低客戶土地、建置成本，提升 IRR 至少 2 個百分點以上，同時因材料特性，在陰雨天的發電能力也比現世代電池強。茂迪因 TOPCon 技術獲客戶肯定，各家系統廠也上門詢問，但受限現有產能僅 15MW，交期長達 6 個月，因此茂迪也規畫擴產，預計明年第二季就可開出，尤其 TOPCon 與 PERC 電池價差高達 20%，有助營收、獲利同步成長。茂迪積極打出營運第二隻腳，目前漁電共生在手案量已超過 30MW，未來也規劃跨入農業養殖，包括從無毒種苗到飼料、養殖技術、加工到通路都會參與，初期先會以鰻魚和蝦為產品，也將與專業團隊合作，為營運加分。,"[['產能跳', '增至', '太陽能模組廠茂迪'], ['系統廠', '瞭解', '太陽能電池優勢'], ['茂迪', '預計', '有助營運規模擴大'], ['葉正賢', '表示', '15億元'], [' 億元', '投入', '太陽能系統建置'], ['葉正賢', '指出', '可使'], ['TOPCon技術', '獲', '客戶肯定'], ['交期', '長達', '個月'], ['TOPCon', '有助', '營收'], ['茂迪', '打出', '第二隻腳'], ['手案量', '超過', '30MW']]"
0,20211126_1173,交通部與北市達共識 基隆捷運汐東線延伸環狀線東環段基隆捷運路線問題引發中央地方紛爭不斷，交通部長王國材今 (26) 日與台北市長柯文哲會面，雙方達成共識，未來汐止東湖線將延伸到北捷環狀線的東環段；基隆市長林右昌表示，樂見主線確定，整個路網連結後，將可改善內湖塞車問題。王國材今天前往北市府拜會柯文哲，採閉門會議形式進行，王國材指出，雙方做了很多溝通，柯市長認為汐東線要延伸到北捷東環段，才會有效果，交通部表態支持，整體基隆捷運路線，北北基與中央已取得共識。王國材表示，交通部鐵道局與台北市捷運局，將會針對細部項目做討論，希望儘速進行後續的行政程序。媒體詢問，12 月是否能定案？柯文哲指出，大方向確定，細部須經幕僚很多研究，專業討論還要很久。根據交通部規劃，基隆捷運第一階段優先推動南港到八堵，採 LRRT 中運量捷運系統，結合汐東捷運，共用社后機廠；台北端配合東區門戶計畫，採地下延伸南港站。另外，配合基隆河谷廊帶發展、大汐止產業發展策略，基隆及新北市府所提北五堵 - 八堵段及汐科 - 北五堵段優化深入市區，將服務更多民眾。林右昌下午出席活動也表示，很高興北市與交通部對談達成共識，他指出，基捷對北北基桃的大台北首都生活圈都會機能有很大貢獻，未來銜接三鐵共構的高鐵南港車站、文湖線及環東線，就可直達內湖，基隆人、汐止人不必飽受塞車之苦，也可解決部分內湖塞車問題，一舉多得，期程上應不會有影響。,"[['基隆捷運路線問題', '引發', '不斷'], ['雙方', '達成', '共識'], ['基隆市長林右昌', '表示', '改善塞車問題'], ['內湖', '塞', '車'], ['王國材', '指出', '雙方做有效果'], ['雙方', '做', '有效果'], ['柯市長', '認爲', '汐東線延伸'], ['北北基', '取得', '共識'], ['王國材', '表示', '交通部鐵道局做討論'], ['交通部鐵道局', '做', '討論'], ['媒體', '詢問', '定案'], ['柯文哲', '指出', '專業討論還要很久'], ['細部', '經', '幕僚很多研究'], ['專業討論', '還要', '很久'], ['臺北端', '配合', '東區門戶計劃'], ['、', '大汐止', '產業發展'], ['新北市府所', '提', '北'], ['出席活動', '表示', '北市達成共識'], ['北市', '達成', '共識'], ['他', '指出', '生活圈有很大貢獻'], ['生活圈', '有', '很大貢獻']]"
0,20211126_1174,〈景氣燈號〉10月對策分數增加1分 連九亮紅燈國發會今 (26) 日公布 10 月景氣燈號，綜合判斷分數為 39 分，較上月增加 1 分，燈號連九亮出紅燈，其中，景氣領先指標續呈上升，同時指標也連 3 個月上升，反映疫情衝擊影響逐漸減緩。從 10 月景氣對策信號九項構成項目觀察，國發會表示，製造業銷售量指數與批發、零售、餐飲業營業額皆由黃紅燈轉呈紅燈，分數各增加 1 分，海關出口值則由紅燈轉呈黃紅燈，分數減少 1 分，其餘 6 項燈號不變。國發會進一步分析，外需受惠全球經濟穩定成長、5G、高效能運算等新興科技應用需求續強，加上傳產貨品需求維持熱絡，帶動 10 月貿易、生產及金融面指標持續擴增，內需同樣在疫情趨穩、振興加碼措施挹注下，帶動批發、零售及餐飲業營業額較去年同期擴增。展望未來，國發會表示，國內疫情穩定，加上年底消費旺季及政府振興措施帶動下，內需消費可望持續回溫，出口方面也看好受惠全球經濟持續回升，主要國家推動基礎建設、歐美年終採購旺季來臨，動能可望延續。,"[['對策分數', '增加', '1分'], ['紅燈國發會', '公佈', '景氣燈號'], ['判斷分數', '爲', '39分'], ['燈號', '亮出', '紅燈'], ['國發會', '表示', '批發營業額轉'], ['分數', '增加', '1分'], ['傳產貨品需求', '維持', '熱絡'], ['國發會', '表示', '穩定'], ['國家', '推動', '採購旺季來臨']]"
0,20211126_1175,"主計總處上修我GDP 今年衝破6%創11年新高 明年保4主計總處今 (26) 日發布明年我國經濟成長率 (GDP) 預測值為 4.15%，較 8 月預測 3.69% 上修 0.46 個百分點，而消費者物價指數 (CPI) 年增 1.61%，並未突破央行設定的通膨警戒線，同時，也再上修今年 GDP 0.21 個百分點至 6.09%，創 11 年來新高。主計總處指出，今年第三季 GDP 初步統計為 3.70%，較 10 月概估數 3.80% 減少 0.10 個百分點，不過，由於民間投資上修，使第四季預測成長 4.15%，較 8 月預測上修 0.14 個百分點，推升全年 GDP 將達 6.09%，上修 0.21 個百分點，每人 GDP 3 萬 2,787 美元，每人 GNI 3 萬 3,420 美元，CPI 上漲 1.98%。展望明年，隨著全球經濟持續回升，供應鏈問題改善，外需力道穩健，加上科技新興應用推陳出新，半導體製造業者積極擴廠，回流台商本地廠商持續投資、新增產能不斷開出，挹注出口動能。主計總處預測，明年全年商品出口將達 4721 億美元，年增 6.14%，進口 3974 億美元，年增 4.13%，併計商品與服務並剔除物價因素後，輸出、入分別實質成長 3.39%、2.33%，分別下修 1.36 和 2.75 個百分點。內需方面，由於國內疫情已獲控制，管制措施逐漸鬆綁，消費能量逐漸釋放，再加上比較基期低，預測明年民間消費實質成長 5.36%，上修 0.73 個百分點。而民間投資明年擴增產能態勢延續，惟基期較高，預測成長 2.52%，略上修 0.24 個百分點，併計公共投資後，明年整體固定投資實質成長續成長 2.99%，上修 0.32 個百分點。","[['主計總處', '修', '我GDP'], ['主計總處', '指出', '使'], ['初步統計', '爲', '3.70%'], ['主計總處', '預測', '商品出口達4721 億美元'], ['商品出口', '達', '4721 億美元'], ['國內疫情', '獲', '控制'], ['固定投資實質', '修', '個百分點']]"
0,20211126_1176,華夏看PVC價格終究回歸常態 明年剛性需求有撐華夏 () 今 (26) 日召開法說會，對於先前中國 PVC 價格暴漲暴跌，副董事長林漢福認為，價格調整有因有果，終究會回歸常態。整體而言，華夏看好，今年東南亞、歐美等市場受疫情後需求復甦驅動，預期明年全球市場將回歸剛性需求支撐。從 PVC 供給面來看，華夏指出，中國國慶前因能耗雙控，導致 PVC 供需同步減少，9 月底 PVC 開工率一度挫低至 65%，目前已回升至 70% 以上，整體 PVC 庫存預期逐步上升。其他市場部分，華夏表示，第四季也有韓國、日本及中東廠家計畫性歲修，估年底前中國以外亞洲 VCM 及 PVC 供給仍呈現緊俏態勢；美國 PVC 累積庫存上升緩慢，可供外銷量嚴重不足，後續價格走勢有待密切觀察；歐洲地區也持續處於供需失衡狀態。需求方面，華夏指出，中國 10 月內貿期貨及現貨 PVC 價格暴漲暴跌，PVC 買家一度觀望，11 月 PVC 進口市場也受波及，但外銷歐美 PVC 加工訂單須於年底前交運，在遠洋 PVC 進口貨源接續不及下，下游採購商機仍樂觀。印度 PVC 市場第四季步入需求旺季，且泰國、印尼及越南等東南亞國家逐步解封，疫後需求復甦強勁超乎預期，PVC 供不應求，預期年底前東南亞 PVC 進口需求預期持續成長。歐美則因今年 PVC 供應不足，海外客戶不得不向亞洲尋找貨源，主要貿易商預期歐美 PVC 出口仍受限。展望明年，華夏指出，中國能耗雙控預期會是長期政策，不利當地石化產業開工率，加上明年 2 月北京冬奧前夕開工率也恐降低，預期明年第一季中國 PVC 大量出口機會相對小。對於近期 PVC 價格暴漲暴跌，副董事長林漢福認為，前段時間價格快速拉升及下跌，都是有因有果，主要還是先前短線急漲導致，但暴漲暴跌對產業都不是好事，報價終究會回歸常態。,"[['華夏', '看', 'PVC'], ['華夏看PVC價格', '迴歸', '常態'], ['副董事長林漢福', '認爲', '迴歸常態'], ['價格調整', '有因', '有果'], ['等東南亞市場', '受', '疫情'], ['全球市場', '迴歸', '剛性需求'], ['華夏', '指出', '導致PVC供需減少'], ['華夏', '表示', '第四季也有計劃性歲修'], ['第四季', '也有', '計劃性歲修'], ['亞洲VCM供給', '呈現', '緊俏態勢'], ['後續價格走勢', '有待', '觀察'], ['歐洲地區', '處於', '供需失衡狀態'], ['華夏', '指出', '加工訂單交運'], ['進口市場', '受', '波及'], ['復甦強勁', '超乎', '預期'], ['海外客戶', '尋找', '貨源'], ['華夏', '指出', '雙控預期是長期政策'], ['雙控預期', '是', '長期政策'], ['副董事長林漢福', '認爲', '暴漲不是好事'], ['拉昇', '都是', '有因有果'], ['暴漲', '不是', '好事'], ['報價', '迴歸', '常態']]"
0,20211126_1177,〈航運指數〉SCFI連3漲 美東、美西線運價止跌上海航交所今 (26) 日公布最新 SCFI 綜合指數，較上周續漲 46.76 點至 4601.97 點，漲幅略擴大為 1.03%，呈現連 3 周小幅上揚，三大遠程航線僅歐洲線連 4 跌，美東線止穩回升，而美西線連 2 周持平。貨攬業者仍看好，運價維持歷史高檔整理，顯示熱況不退，海運市況短期有望一路旺至農曆年前。據上海航交所最新報價，美西線每 FEU(標準 40 呎貨櫃) 運價維持在 6730 美元，並未變動。而美東線止跌回升，每 FEU 運價略上揚 12 美元至 10427 美元。僅歐洲線每 TEU(標準 20 呎櫃) 運價續跌 3 美元至 7549 美元，惟跌幅僅 0.04%，處高檔整理解讀。陽明今日召開法說會時指出，明年海運市場若塞港舒緩，船舶運作漸漸恢復正常，預料承載量將可再成長 10-15%，不過，海運市場供給很難快速轉為過剩，因此，即便運價回跌仍欲小不易，目前看來，明年上半年訂艙狀況樂觀正向。貨攬業者也認為，雖歐美塞港仍會趨於緩和，但反而有利船舶利用率提升，並使運量持續穩定成長。,"[['運價', '維持', '歷史高檔整理'], ['海運市況', '有望', '旺'], ['運價', '維持在', '美元'], ['FEU運價', '上揚', '至美元'], ['預料承載量', '成長', '10-15%'], ['海運市場供給', '轉爲', '過剩'], ['貨攬業者', '認爲', '有利'], ['歐美塞港', '趨於', '緩和']]"
0,20211126_1178,〈凱美法說〉國巨集團與鴻海合作效益 明年發酵貢獻營收凱美 () 今 (26) 日法說會，法人也關注國巨 () 集團與鴻海 () 合作帶來的綜效，但凱美坦言，目前鴻海對公司並沒有具體的營收挹注，預計要到明年才會看到比較大的貢獻。國巨在去年 9 月底宣布與鴻海策略聯盟至今 1 年多，外界原先看好身為泛國巨集團成員之一的凱美也將同步受惠；但凱美表示，由於很多送樣、認證、測試過程都需要時間，預計相關效益要到明年才會發酵。不過，凱美與國巨集團的合作效益已經逐步浮現，凱美也吃下國巨子公司基美 (KEMET) 鋁電產品代工訂單，今年占營收約 5%，公司認為明年占比可望倍增到 10%。法人也關心，凱美頻頻加碼另一鋁質電容廠金山電 () 的持股，是否將有進一步的併購計畫，對此，凱美僅表示，投資金山電純粹是財務投資角度持股。而凱美今年併購奇力新 () 旗下的電阻廠旺銓後，也積極展開整合，加上中國限電政策以及人力成本上升，凱美表示，未來會將電阻產能逐漸往馬來西亞廠集中。,"[['法人', '關注', ')集團帶來綜效'], ['對公司', '並沒有', '具體營收挹注'], ['國巨', '宣佈', '1年多'], ['原先', '看好', '泛國巨集團成員之一'], ['凱美', '表示', '預計相關效益發酵'], ['送樣過程', '需要', '時間'], ['凱美', '喫', '鋁電產品代工訂單'], ['公司', '認爲', '比可望倍增'], ['比可望', '倍增到', '10%'], ['法人', '關心', '電容廠金山電)持股有併購計劃'], ['電容廠金山電)持股', '有', '併購計劃'], ['凱美', '表示', '投資金山電是財務投資角度持股'], ['投資金山電', '是', '財務投資角度持股'], ['凱美', '表示', '集中']]"
0,20211126_1179,華上生醫癌症新藥擴大適應症 啟動愛滋病臨床試驗華上生醫 (7427-TE) 今 (26) 日宣布，旗下癌症新藥西達本胺(Chidamide)、商品名剋必達 Kepida，除了既有治療乳癌外，將擴大適應症進行愛滋病功能性治癒臨床研究，若試驗進展順利，未來不排除授權合作夥伴進行藥品商品化。華上生醫表示，西達本胺為口服新成分新藥，已在中國、日本取得多個治療晚期癌症藥證，台灣也正在審查藥證中，目前也擴大進行愛滋病功能性治癒臨床試驗，其使用劑量是癌症治療劑量的三分之一，患者每三天服藥一次，每次 10 毫克。華上生醫的合作夥伴今年 8 月取得台灣衛福部食藥署 (TFDA) 臨床試驗核准函，將在台灣醫學中心收納愛滋病毒感染者，華上生醫將提供西達本胺錠劑進行概念性驗證 (POC) 試驗，若試驗達到主要療效指標，未來會授權合作夥伴使用該藥品與抗體藥物，在台灣功能性愛滋病適應症的開發與商品化。據疾管署統計，台灣有超過 4.25 萬名愛滋病感染者，全球更有超過 3800 萬名愛滋病感染者急需有效的藥物來治療，目前雞尾酒療法的抗病毒藥物，已挽救許多愛滋病感染者性命，不過患者終生都需要使用藥物來控制愛滋病毒，而功能性治癒的策略將是愛滋感染者獲得痊癒的機會。西達本胺其他適應症發展方面，華上生醫表示，用於治療 HR 陽性、HER-2 陰性的晚期乳癌西達本胺，今年 10 月 1 日提出申請台灣新藥查驗登記 (NDA)，預計審查時間約 1 年，最快明年第四季取得台灣藥證，屆時營收貢獻將顯著成長。目前全球共有四家藥廠銷售西達本胺，包括中國微芯、華上生醫、美國藥廠 HUYA、日本明治。其中，中國一年治療費用約 85 萬元、日本達 180-190 萬元，華上生醫規劃，待取得台灣藥證、申請健保後，初估一年治療費用落在百萬元。,"[['除了', '既有', '治療乳癌'], ['癌症新藥西達本胺Chidamide', '擴大', '適應症'], ['進行愛功能性治癒臨牀研究', '愛', '滋病'], ['華上生醫', '表示', '西達本胺爲新成分新藥'], ['西達本胺', '爲', '新成分新藥'], ['多個', '治療', '晚期癌症'], ['正在', '審查', '藥證'], ['進行愛功能性治癒臨牀試驗', '愛', '滋病'], ['使用劑量', '是', '治療劑量三分之一'], ['合作伙伴', '取得', '覈准函'], ['華上生醫', '提供', '西達本胺錠劑'], ['試驗', '達到', '療效指標'], ['功能', '性愛', '滋病'], ['臺灣', '有', '愛滋病感染者'], ['臺灣有愛滋病感染者', '超過', '4.25'], ['全球', '更有', '愛滋病感染者急需有效藥物'], ['愛滋病感染者', '急需', '有效藥物'], ['抗病毒藥物', '挽救', '愛滋病感染者性命'], ['許多', '愛', '滋病'], ['患者', '需要', '使用藥物'], ['治癒策略', '是', '愛滋感染者獲得痊癒機會'], ['愛滋感染者', '獲得', '痊癒'], ['愛滋感染者', '獲得', '痊癒'], ['華上生醫', '表示', '提出申請臺灣新藥查驗登記NDA'], ['全球', '共有', '四家藥廠銷售西達本胺'], ['治療費用', '落在', '百萬元']]"
0,20211126_1180,陽明看明年正向樂觀 運價欲小不易貨櫃航商陽明 () 今 (26) 日召開線上法說會時表示，第四季不受傳統淡季影響，有機會維持還不錯的水準，而農曆年前有望見到一波小高潮，展望 2022 年，海運市況仍供不應求、「正向樂觀」，即便塞港緩解運價回跌，運價「欲小不易」。陽明認為，明年海運市場若塞港舒緩，船舶運作漸漸恢復正常，內部預期承載量將可再成長 10-15%，目前看來，塞港沒有更惡化的跡象。不過，陽明強調，即便塞港緩解，也不至於會使供給快速過剩，因此，即便運價回跌，還是欲小不易，目前看來明年上半年訂艙狀況樂觀正向，船公司合約價有機會可以再往上走，現在已經在談。陽明透露，很明顯明年合約價會再大幅度上升，但並不預設立場。另外，對於市場盛傳陽明買樓，陽明正面回應，沒有計畫。至於市場關心的配息政策，陽明回應，須待明年董事會決定，目前尚未有相關訊息。對於有法人問及配息 50% 應無問題？陽明僅指，過去財務結構比較弱這次獲利有效改善後，未來公司可能會規劃提升競爭力，進而產生資本支出。,"[['說法', '表示', '第四季不受傳統淡季影響'], ['第四季', '不受', '傳統淡季影響'], ['海運市況', '見到', '一波小高潮'], ['塞港', '緩解', '運價跌'], ['陽明', '認爲', '塞港沒有惡化跡象'], ['塞港', '沒有', '惡化跡象'], ['陽明', '強調', '使'], ['陽明', '透露', '預'], ['陽明回應', '待', '董事會決定'], ['陽明', '指', '未來公司提升競爭力'], ['未來公司', '提升', '競爭力']]"
0,20211126_1181,防堵新型變異株 南非等6國列高風險國 入境台灣須集中檢疫新型變異株 B.1.1.529 來勢洶洶，英國暫時停飛南非等 6 國航班，疫情指揮中心今 (26) 日也宣布加嚴邊境管制，自 11/29 零時起，南非、波札那、納米比亞、賴索托、史瓦帝尼及辛巴威等 6 國列為重點高風險國家，旅客入境後須入住集中檢疫所，且不能適用春節專案。不過，指揮官陳時中表示，台灣無直飛航班，直接威脅相對較小。指揮中心指出，新型變異株 B.1.1.529 首次於 11 月中旬在波札那發現，並於南非東北部豪登省快速傳播，並可能已存在於其他 8 省。目前南非累計確診至少 77 例，波札那及香港僅數例且多具南非旅遊史，英國則已將非洲南部 6 國列為高風險區。指揮中心表示，專家分析，此新型變異株於棘蛋白處至少有 32 個突變，並擁有新的突變點，可能會逃脫曾經感染或疫苗產生的免疫反應，也可能與增加傳播力有關，但仍需研究證明對疫苗效力、傳播力等影響。為防堵此新型變異株侵入國內社區，自 11 月 29 日零時起 (航班抵台時間)，旅客過去 14 天內有其旅遊史 (含轉機)，入境後須入住集中檢疫所完成 14 天隔離檢疫，且配合專案採檢 (到所、期滿) 及續行 7 天自主健康管理 (第 6-7 天公費家用快篩 1 次)，這些旅客不需支付集中檢疫所及採檢費用，也不適用 7+7+7、10+4+7 的春節專案。此外，國籍航空公司機組員若從重點高風險國家航線航班 (含轉機) 返台後，應入住防疫旅宿或符合規定的公司宿舍檢疫 14 天，且配合入境、檢疫期滿進行 PCR 檢測，並續行 7 天自主健康管理。外界憂心，新型變異株威脅再起，邊境開放是否遙遙無期？陳時中表示，現階段國際驗出該變異株確診個案人數少，且台灣沒有直飛航班，直接威脅相對較小，但還是要以完整阻絕為優先，會持續關注國際狀況。,"[['春節專案', '防', '新型'], ['英國', '停飛', '等南非'], ['疫情指揮中心', '宣佈', '邊境管制'], ['旅客', '入住', '檢疫所'], ['指揮官陳時中', '表示', '較小'], ['臺灣', '無', '直飛航班'], ['指揮中心', '指出', '新型變異株B.1.1.529發現'], ['南非', '確診', ' 例'], ['英國', '列爲', '高風險區'], ['指揮中心', '表示', '專家分析於'], ['專家', '分析', '於'], ['此新型變異株', '於', '棘蛋白處'], ['此新型變異株', '侵入', '國內社區'], ['旅客', '有', '含轉機旅遊史'], ['這些旅客', '不需', '支付採檢費用'], ['國籍航空公司機組員', '入住', '防疫旅宿'], ['陳時中', '表示', '爲優先'], ['臺灣', '沒有', '直飛航班']]"
0,20211126_1182,英特爾已支付1.25億美元 威盛Q4認列完畢威盛 () 今 (26) 日召開法說會，財務長陳寶惠表示，先前出售旗下 Centaur 部分員工予英特爾 () 交易已完成，預計 1.25 億美元款項將在第四季認列完畢，Centaur 也隨著員工人數減少，有助節省營業費用，帶來更有效的營運管理。展望後市，陳寶惠預期，威盛三大事業包括處理器平台、嵌入式平台以及 USB 晶片，未來皆有不錯成長性，其中，處理器平台除既有產品收入外，也有提供客製化服務，隨著開立自家晶片的趨勢成形，未來業績也將持續成長。威盛在嵌入式平台耕耘數年，目前已具備不錯的 OEM 客戶基礎，也超前部署車載方案，為營收成長動能之一，旗下威鋒電子 () 也持續布局高速傳輸晶片，首顆 USB4 晶片已在第四季進入量產，看好成長性。嵌入式系統與物聯網事業處總經理吳億盼表示，隨著邊緣運算時代來臨，物聯網加雲端能讓數據採集更普及且高效，威盛也運用自身在處理器的技術，跨入醫療、交通、零售等各產業，近年隨著 IOT 演變成 AIOT，威盛也因應各行業的市場需求，推出各類解決方案。吳億盼指出，威盛目前已鎖定車載、工廠、智慧家庭，其中，車載市場切入點包括商用車與工業車，公司提供數據採集、智慧運算等技術，有助業主有效管理，且隨著後疫情時代來臨，物流業需求暴增，讓客戶面臨人力缺乏壓力，也為威盛提供有利的發展機會。除了車載移動方案，威盛也跨入不動產智慧家居解決方案，包括安全防護、住戶交流、生活型態等，提供訪客登記、智慧門鈴、緊急服務等功能，隨著集合式住宅越來越多，背後也衍生物業管理平台需求。吳億盼看好，隨著集合式住宅興起，未來 AI 將與 IOT 結合，加上台灣智慧建築標章推出後，也有助整體市場蓬勃發展，目前威盛也已有實績，包括已落地的明倫智慧公宅、斯文里智慧公宅，並與眾多建商合作，包括大陸建設、冠德建設以及達麗建設事業。,"[['英特爾', '支付', '1.25億美元'], ['財務長陳寶惠', '表示', ')英特爾交易完成'], ['Centaur', '有助', '節省營業費用'], ['陳寶惠', '預期', '威盛三大事業包括處理器平臺'], ['威盛三大事業', '包括', '處理器平臺'], ['未來', '有', '不錯成長性'], ['處理器平臺', '提供', '客製化服務'], ['隨著', '開立', '自家晶片'], [' )', '佈局', '傳輸晶片'], ['USB4晶片', '進入', '量產'], ['嵌入式系統吳億盼', '表示', '物聯網加雲端讓'], ['威盛', '運用', '在技術'], ['威盛', '推出', '各類解決方案'], ['吳億盼', '指出', '威盛鎖定車載'], ['威盛', '鎖定', '車載'], ['車載市場切入點', '包括', '商用車'], ['公司', '提供', '等採集技術'], ['人力', '缺乏', '壓力'], ['威盛', '跨入', '智慧家居解決方案'], ['威盛', '已有', '實績']]"
0,20211126_1183,【台股龍捲風】誰射殺了元宇宙? 美提前升息、變種病毒、實體清單三箭齊發三大利空，把台股打趴！一、新變異株「B.1.1.529」來勢洶洶，週四 (24 日) 世界衛生組織 (WHO) 宣布將於週五召開特別會議；二、美國聯準會（Fed）11 月會議紀錄顯示，決策官員對於加快縮減購債規模、比原本預期更早升息；三、美國制裁大陸再下重手，新增 12 家陸企進入貿易黑名單，台股一開盤就弱勢了，再伴隨美電子盤的下跌，就是倒成一片。外資賣超 309 億元，投信賣超  8.42 億元，自營商賣超 68 億，台股已漲 1824 點了，投信已連賣 7 天，今天跌那麼多了，下周還要跌嗎？永誠投顧徐照興分析師表示，目前加權日 KD 死亡交叉，本來就要跌，周 KD 還是交叉，所以下周上半周下跌機會大，下半周有機會回穩，目前日 KD 將會到 20 軸附近，季線位置在 17168！所有文章都可搜尋「徐照興鉅亨網」新聞，而動態影音檔，可當連續劇看 (日更)  【行情在跌，甚麼題材都沒用，觀察的重點就是美股，及今日 3 大利空何時鈍化，這用文字較難表達，可直接看 YT】接下來就是續追蹤之前追蹤的個股：矽晶圓：美光，目前仍在高檔震盪，帶動記憶體族群的南亞科 ()，而同集團矽晶圓的台勝科 () 抗跌，合晶 () 量縮下跌，中美晶 () 環球晶 () 回測月線防守區。再來看美國的 TESLA，10 月 25 日的大量區，在美股回檔的情況下，看能不能有守。電池股的美琪瑪 ()、康普 () 、聚合 () ，高檔橫這個區間有一段時間了，融資有開始緩慢退出，籌碼開始安定，等的就是一根「帶量長紅」，今日康普 () 出現下影線，可以 137 元當觀察價位。接下第三代半導體: 嘉晶 ()，在 20MA 出現強力支撐下，以黑馬之姿 連續噴出後，今換漢磊 () 接棒演出，而光磊 () 比價效應後，最高衝至 66.2 元，接下來富采 () 可開始留意，觀察投信買賣超！整流二極體: 強茂 () ，德微 () 、朋程 () ，與大盤同，同步回檔，而朋程 ()已率先回檔至季線 227 元，下周可先觀察發動訊號。然後就是我們提早佈局的「元宇宙」概念股：威盛 () 、宏達電 () 、位速 ()、威鋒電 () 、中光電 ()  、揚明光 () 、凌陽 ()、凌通 () 、凌陽創新 ()、聯發科 () 、亞信 () 、九暘 () 今天也都全跌，下周再來觀察強勢指標股為誰? 可來 TG：而有來拿「低軌衛星」資料的人，已先噴一波了，今天指標股昇達科 () 守穩平盤，康舒 () 也沒跌。近期隨者 5G、TESLA、元宇宙、低軌衛星等題材，大家賺翻了，今天行情大跌，可留意「網通概念股」，相關個股都已放再 FB 社團。FB 社團：今日雖下跌 284 點，但漲停家數大於跌停家數，代表資金還在場內，尋求機會，大家都有機會，好好把握 12 月份的行情。像這類型文章您喜歡嗎？操作就是持續追蹤，不用每天變來變去的。如果您也認同的話，歡迎加入「龍捲風操盤戰隊」。TG：FB 社團：新龍捲風操盤戰隊 Line@生活圈本公司所推薦分析之個別有價證券無不當之財務利益關係 以往之績效不保證未來獲利投資人應獨立判斷 審慎評估並自負投資風險,"[['誰', '射殺', '元宇宙'], ['衛生組織WHO', '宣佈', '召開特別會議'], ['制裁大陸', '下', '重手'], ['12家陸企', '進入', '貿易黑名單'], ['自營商賣', '超', '68'], ['臺股', '漲', '1824點'], ['投信', '賣', '7天'], ['徐照興分析師', '表示', '加權日KD死亡交叉'], ['日KD', '到', '20軸附近'], ['季線位置', '在', '17168'], ['所有文章', '搜尋', '徐照興巨亨網新聞'], ['觀察重點', '就是', '美股'], ['接下來', '就是續', '追蹤'], ['高檔', '橫', '這個區間'], ['籌碼', '開始', '安定'], ['等的', '就是', '帶量長紅'], ['「', '帶', '量'], [' )', '出現', '下影線'], ['有', '來', '拿低軌衛星資料'], ['來拿低軌衛星資料人', '噴', '一波'], ['大家', '賺', '等5G題材'], ['漲停家數', '大於', '跌停家數'], ['資金', '還在', '場內'], ['大家', '尋求', '有機會'], ['您', '喜歡', '這類型文章'], ['操作', '就是', '追蹤'], ['圈本公司推薦分析個別有價證券', '無', '財務利益關係'], ['以往績效', '保證', '獲利投資人']]"
0,20211126_1184,〈凱美法說〉明年鋁電估續漲 看好充電樁爆發需求被動元件廠凱美 () 今 (26) 日召開線上法說，公司指出，原料鋁箔及人力短缺、上漲的情況將延續到明年，電容不排除會有新一波的漲價反應成本；需求應用方面，雖然短期需求放緩，但 5G、車用以及充電樁將成中長期營運動能，整體營運審慎樂觀。凱美表示，第四季面臨 IC 缺料、限電、缺工等影響，營運相對保守，但原料、人力成本上漲，支撐電容、電阻價格保持平穩，且隨著農曆年節即將到來，後續將面臨缺工問題，整體供給變數增加，目前而言，公司庫存水位尚屬健康。不過，凱美表示，由於鋁箔以及人力成本大漲，因此雖然需求放緩，但價格仍維持平穩，且在相關成本持續上漲下，目前也看到中國同業發動漲價，凱美明年也不排除跟進再次調漲。需求方面，除了車用以及 5G 外，凱美也特別看好充電樁應用，隨著充電樁市場到 2027 年可望達 3075.8 萬座，較去年 211.5 萬座，成長 7 倍，相關商機迎來爆發。且隨著充電樁電壓電流提高，凱美認為，未來平均每個充電樁所需電容將增加 20 顆以上、後膜電阻 50-100 顆，單價較高的金屬微電阻則增加 4-5 顆，都會是凱美的機會，成為中長期的營運動能。而因應需求，凱美也規劃明年在高雄廠區，擴增電流檢測量能，預計將提升 40-50%。以目前凱美的銷售產業營收占比來看，經銷商 32%、OEM13%、充電器與電源 10%、工業 / 醫療 12%、消費電子 / 家電 13%、汽車 5%、EMS4%、網通 3%、智能儀表 3%、專業音響 2%、半導體 1%。若以產品區分，電阻 61%、電容 33%、風扇 6%；市場營收占比，大中國區 59%、台灣 17%、亞洲 14%、歐洲 11%、美州 0.4%。,"[['凱美法', '說', '漲看好爆發需求召開線上法'], ['漲', '看好', '爆發需求召開線上法'], ['爆發需求', '召開', '線上法'], ['公司', '指出', '短缺情況延續'], ['短缺情況', '延續到', '明年'], ['5G', '成', '營運動能'], ['凱美', '表示', '原料成本上漲'], ['第四季', '面臨', '等缺影響'], ['支撐電容價格', '保持', '平穩'], ['庫存水位', '屬', '健康'], ['凱美', '表示', '價格維持平穩'], ['價格', '維持', '平穩'], ['凱美', '不排除', '跟進'], ['凱美', '看好', '充電樁應用'], ['相關商機', '迎來', '爆發'], ['凱美', '認爲', '所需電容增加 顆以上'], ['所需電容', '增加', ' 顆以上'], ['金屬微電阻', '增加', ' 顆'], ['凱美', '規劃', '擴增電流檢測量能']]"
0,20211126_1185,元大、統一證複委託系統遭駭 金管會要求提報告元大證券、統一證券針對複委託下單系統遭駭客入侵，金管會今 (26) 日表示，已收到該證券通報資安事件，已要求券商務必確保投資人權益，並須盡快提交報告至金管會。元大證、統一證驚傳複委託下單系統受到駭客入侵，大批客戶反映自動「被下單」港股，因此先暫停複委託電子交易，緊急改為人工電話接單，並已向刑事局報警調查。有鑑於此，元大證、統一證、凱基證皆陸續在官網發布重要公告，提醒投資人下單時，預防網路駭客入侵，避免用生日、身分證字號等作為密碼。金管會也表示，昨日已收到元大證券通報資安事件，這次的事件是資安問題引起，因此投資人權益不會受影響，金管會已要求券商務必確保投資人權益，並須盡快將此事相關調查、應變措施及後續改善方案等報告送交金管會。,"[['委託系統', '遭', '金管會要求'], ['下單系統', '受到', '駭客入侵'], ['元大證', '發佈', '重要公告'], ['金管會', '表示', '收到通報資安事件'], ['這次事件', '是', '資安問題引起'], ['投資人權益', '受', '影響'], ['金管會', '要求', '券商']]"
0,20211126_1186,美時大股東引進泰商入股 總交易金額4.75億美元美時 () 今 (26) 日公告，為拓展東南亞等國際市場，大股東 AEMH 控股公司引進泰國生技投資公司 Innobic 入股，將與原主要股東、母集團艾威群董事長 Robert Wessman 成立的國際藥業投資機構 Aztiq 並列 AEMH 兩大股東，此次股權交易金額 4.75 億美元，預計明年首季完成交易。美時大股東 AEMH 控股公司 (Alvogen Emerging Market Holdings Limited)，原始股東包括財務性投資人 CVC Capital Partners(CVC)、Temasek Holdings of Singapore(Temasek) 以及 Aztiq，股權各三分之一。Aztiq 今日與泰國國家石油公司 (PTT)100% 子公司生技投資 Innobic (Asia) Company Limited(Innobic) 簽署股權收購協議，雙方共同取得 AEMH 所有股權，Innobic 將取代 CVC 及 Temasek，並與 Aztiq 成為 AEMH 最大股東。美時表示，泰國生技投資公司 Innobic 今年 4 月就以私募新股的方式，斥資 5000 萬美元投資美時，經過半年看到經營團隊的營運績效與策略，Innobic 決議進一步投資 AEMH。兩大產業策略性投資人 Aztiq 與 Innobic 加入後，將有更多資源拓展全球市場，尤其是泰國、越南、菲律賓、馬來西亞等東南亞地區。美時成為台灣營收規模最大的學名藥公司，順利從傳統在地藥廠轉型聚焦在癌症用藥的國際化與全球化的價值型學名藥廠，隨著財務性投資人 CVC 與 Temasek 完成階段性任務後，Robert Wessman 積極引進產業策略性投資人，持續帶領公司達到全球學名藥廠的領導者目標。,"[['大股東', '引進', '泰商入股'], ['大股東', '引進', '泰商入股'], [' AEMH 控股公司', '引進', '泰國生技投資公司Innobic入股'], ['原始股東', '包括', 'TemasekCapital'], ['CompanyLimited', '簽署', '股權收購協議'], ['美時', '表示', '斥資'], ['以', '私募', '新股'], ['泰國生技投資公司Innobic', '斥資', '5000萬美元'], ['更多資源', '拓展', '東南亞地區'], ['美時', '成爲', '學名藥公司'], ['財務性投資人CVC', '完成', '階段性任務'], ['RobertWessman', '引進', '策略性投資人'], ['公司', '達到', '學名藥廠'], ['公司', '達到', '學名藥廠']]"
0,20211126_1187,元大、統一複委託客戶「被下單」 證交所兩指示亡羊補牢元大證券與統一證券的複委託下單系統因駭客入侵，導致部分用戶遭冒名下單，證交所今 (26) 日表示，已在 25 日接獲兩家券商通報資安事件，並下達兩點指示：要求券商應檢視電子系統的防護力，確認近期更新憑證的客戶是否為本人所為。證交所表示，元大證券與統一證券兩家券商，已在 25 日下午 5 點 27 分向證交所通報資安事件，證實電子下單系統遭駭客入侵，導致部分用戶的複委託電子下單遭冒名使用，並且完成成交。由於此事非同小可，證交所也要求券商全面檢視電子下單系統的防護功能，包括「檢視取得憑證之登錄防護力是否足夠」與「確認近期更新憑證的客戶是否由本人所為」等。證交所表示，為強化電子下單系統的防護規格，舉凡僅透過身分證字號、生日、預設密碼等簡易方式輸入者，應立刻修改系統或停用相關服務。另外，清查在最近兩週更新憑證的客戶，向客戶確認更新憑證是否為本人所為，如非本人所為應即暫停該客戶服務。證交所提醒，券商應注意客戶帳戶異常登錄情形，即時了解登錄異常之原因以避免帳戶遭駭客利用，確保投資人權益，至於元大與統一兩家券商，目前已暫停複委託的電子下單交易，改採人工下單作業。,"[['下單系統入侵', '導致', '部分用戶遭下單'], ['部分用戶', '遭', '下單'], [' 日', '表示', '獲兩家券商通報資安事件'], ['，', '確認', '更新憑證'], ['證交所', '表示', '兩家券商通報資安事件'], ['兩家券商', '通報', '資安事件'], ['下單系統', '遭', '駭客入侵'], ['復委託電子下單', '遭', '使用'], ['檢視', '取得', '登錄'], ['「', '確認', '更新憑證'], ['證交所', '表示', '舉凡透過簡易方式輸入者修改系統'], ['舉凡', '透過', '簡易方式'], ['僅', '透過', '簡易方式'], ['舉凡透過簡易方式輸入者', '修改', '系統'], ['最近兩週', '更新', '憑證'], ['更新憑證客戶', '確認', '更新憑證所爲'], ['證交所', '提醒', '券商注意客戶帳戶登錄情形'], ['券商', '注意', '客戶帳戶登錄情形'], ['帳戶', '遭', '駭客']]"
0,20211126_1188,【股海大丈夫專欄】 黑色星期五台股大優惠 選股比賽你敢挑戰嗎？免費報名拿大獎！昨日美股感恩節休市一天，但受到南非新變種病毒「B.1.1.529」(Nu）升溫影響，WHO 召開特別會議，英國為此禁止南非、波札那、納米比亞、賴索托、史瓦帝亞、辛巴威等 6 國航班，亞洲股市與美國期指同步重挫，率先開低逾 150 點，而台股現貨開盤下挫 70 點，隨後賣壓不斷加重，尾盤指數下跌一度超過 300 點，終場收 17369.39，下跌 284.80 點失守月線。在籌碼方面，三大法人大賣 386.78 億，其中外資貢獻 309.63 億；投信賣超 8.42 億；而自營商則是賣超 68.71 億，在期貨未平倉方面，外資空單仍位於 20000 口以上，整體來說，台股目前已經幾乎跌破所有短期均線，但我覺得還是不用太過擔心，關於疫情引起的大跌，台股已經很有經驗了，大跌伴隨而來的是更大的漲幅，因此首要目標是緊盯主流族群與其中績優個股，若有回檔都可多加留意。【遊戲規則】報名期間：即日起至 11/30 日止競賽期間：2021/12/06~2022/01/14獎項：總冠軍 iphone 13 128GB亞　軍 PS5  PlayStation®5 數位版季　軍 SOGO 禮券 3000 元前 4 週總績效前 5 名 7-11 禮券 200 元加碼獎～超 級 人 氣 獎  7-11 禮券 500 元不定時週抽獎  7-11 禮券 100 元趕緊填表免費報名！【韭菜遊戲 - 報名表單】: 專線 (02)2542-9977本公司所推薦分析之個別有價證券無不當之財務利益關係 以往之績效不保證未來獲利投資人應獨立判斷 審慎評估並自負投資風險,"[['感恩', '節休', '市'], ['WHO', '召開', '特別會議'], ['英國', '禁止', '國航班'], ['亞洲股市', '期指', '重挫'], ['自營商', '是', '億68.71'], ['外資空單', '位於', '20000口以上'], ['臺股', '跌破', '短期均線'], ['我', '覺得', '擔心'], ['臺股', '有', '經驗'], ['大跌而來的', '是', '更大漲幅'], ['首要目標', '是', '緊盯主流族羣'], ['9977本公司推薦個別有價證券', '無', '財務利益關係'], ['以往績效', '保證', '獲利投資人']]"
0,20211126_1189,穩得切入低軌衛星、元宇宙供應鏈 明年營收估增10-15%EMC(電磁相容) 元件及檢測廠穩得 () 董事長高治宏今 (26) 日表示，明年看好網通以及車用領域，營收成長 10-15% 起跳，而在低軌道衛星、元宇宙，穩得也都沒缺席，不論是 EMC 元件或檢測服務，都有打進相關供應鏈。高治宏表示，目前車用穩得以電動腳踏車 (E-Bike) 為發展重點，除了電池的檢測，也供應保護元件，客戶包含國內的二大品牌跟多家電池大廠；而明年整車檢測場域落成後，相關服務規模及營收貢獻會更大。此外，在網通、伺服器應用，也受惠網路升級以及終端客戶資料中心布建需求大增，明年也將是穩得一塊重要的成長動能。在近期火熱的低軌衛星以及元宇宙題材上，高治宏透露，有多家長期合作已久的網通客戶，相繼進入低軌衛星供應鏈並出貨，穩得的電磁元件也應用在地面接受站應用，包含預防訊號干擾以及抗雷擊的關鍵電磁元件。元宇宙方面，高治宏認為，初期最大的需求會在娛樂穿戴裝置，切因為貼近人體，安規、電磁相容 (EMC) 管理成為關鍵，公司電磁元件也切入台系 VR 設備廠、國際電競品牌等。以穩得應用占比來看，目前網通占 30-35%、工業電腦 15%、安控 15-20%、消費性電子 10-15%、車用 8%、其他 12%；公司認為，明年在整體營收成長下，車用占比可望提升至 10-15%、網通也將提升。穩得 EMC 業務包含 EMS(電磁耐受)、EMI(電磁干擾) 的保護元件銷售以及檢測服務，其中元件又分自有品牌以及代理銷售，以目前營收占比來看，代理品牌 51%、自有品牌 39%、認證服務 10%。,"[['26日', '表示', '成長10-15%起跳'], ['高治宏', '表示', '穩'], ['E', '爲', '發展重點'], ['客戶', '包含', '二大品牌'], ['網通客戶', '進入', '衛星供應鏈'], ['電磁元件', '應用在', '接受站'], ['包含電磁元件', '預防', '訊號干擾'], ['最大需求', '認爲', '會'], ['電磁元件', '切入', '等設備廠'], ['網通', '佔', '30'], ['公司', '認爲', '可望提升'], ['可望', '提升至', '1015%'], ['穩業務', '包含', '電磁耐受']]"
0,20211126_1190,高鐵寫國車國造新頁 估明年維修物料在地採購占比達30%台灣高鐵今 () 今 (26) 日啟用高鐵電車線維修工程車，高鐵董事長江耀宗表示，此為高鐵「國車國造」的歷史新頁，預計在明年底達成維修物料在地採購比率自 15% 倍增至 30% 的目標。台灣高鐵今日與中鋼於高鐵左營基地舉辦高鐵電車線維修工程車啟用典禮，由高鐵董事長江耀宗與中鋼董事長翁朝棟共同主持。行政院長蘇貞昌、高雄市長陳其邁、行政院發言人羅秉成、行政院政務委員黃致達、交通部政務次長胡湘麟、經濟部次長林全能均出席。高鐵電車線維修工程車，是由高鐵提出設計概念、中鋼研發製造，將高鐵現行使用的 6 種進口工程車進行功能整合，產製成「多功能維修車」和「電車線延線（牽引 / 設備）車」二款新車。高鐵說明，車輛關鍵的車體主結構和轉向架框來自國內生產，且大量採用本土零組件，可有效降低維修成本和零件庫存壓力。高鐵自 2017 年舉辦「台灣軌道工業本土化商機說明會」，預計 10 年內本土採購商機近 170 億元，目標在明年底達成維修物料在地採購比率倍增，由 15% 增至 30%，加速推動本土化。江耀宗進一步說明，目前高鐵本土維修物料採購比率已達 29.7%，各項維修工作自辦率更達 91%，而在高鐵實踐本土化歷程中，已建立各種人才培訓制度與環境，為軌道工業在台灣開花結果提前布局。中鋼董事長翁朝棟表示，中鋼開發和製造軌道工程車輛已累積 20 多年經驗，共承製台鐵、台北捷運、高雄捷運和高鐵等共計 52 輛軌道工程車，此次將高鐵現有 6 款日系和德系工程車型，依維修及操作需求量身打造，整合為「多功能維修車」和「延線車組」兩款工程車，全案從設計、製作、組裝到試車的國產化比例達 60%。高鐵公 2007 年即積極推動本土化，截至目前，國內合作廠商達 127 家，成功開發出 1207 件高鐵維修物料，預計明年將有更多本土化成果陸續完成，包括與工研院合作的「轉向架走行測試設備 (BRT」、與台灣車輛公司合作的「柴液型調度機關車」等。,"[['高鐵董事長江耀宗', '表示', '此爲歷史新頁'], ['此', '爲', '歷史新頁'], ['地採購比率', '自', '15% '], ['臺灣高鐵', '舉辦', '工程車啓用典禮'], ['維修工程車', '提出', '設計概念'], ['高鐵', '說明', '車體主結構來自生產'], ['車體主結構', '來自', '生產'], ['高鐵', '舉辦', '本土化商機說明會'], ['江耀宗', '說明', '採購比率達29.7%'], ['採購比率', '達', '29.7%'], ['中鋼董事長翁朝棟', '表示', '經驗'], ['中鋼', '開發', '軌道工程'], ['中鋼', '開發', '軌道工程'], ['等', '共計', ' 輛'], ['國產化比例', '達', '60%'], ['合作廠商', '達', '127家']]"
0,20211126_1191,台股大逃殺回測半年線 外資倒貨309億元 三大法人賣超386.78億元南非爆出新變種病毒，引發投資人恐慌情緒，亞股今 (26) 日嚇趴，台股一度急殺逾 300 點，摜破月線支撐、回測半年線，電、金、傳一片綠油油，終場指數大跌 284 點，收在 17369 點，成交值 3539 億元。外資上演大逃殺，瘋狂倒貨 309 億元，三大法人同站賣方，合計大砍 386.78 億元。周線終止連 7 紅，累計本周大跌 448 點。觀察今天法人資金變動情形，外資狂砍 309.63 億元；投信賣超 8.42 億元，為連續 7 個交易日賣超；自營商也大舉提款 68.71 億元。三大法人合計賣超 386.78 億元。權王台積電重挫逾 1%，盤中最低見到 592 元，終場收 596 元，驚險守住半年線；聯電與美光全球訴訟達成和解，早盤股價一度漲近 3%，終場仍不敵大盤賣壓收黑；鴻海、台達電、國巨、日月光投控等電子權值股均震盪走跌。台股今天上演十千金保衛戰，聯發科股價重摔 3%，一度失守千元關卡，終場收 1005 元；信驊逆勢上漲逾 2%，站回 3000 元關卡；力旺重挫 3.5%，遭譜瑞 - KY 超車，丟失第三大高價股寶座；AES-KY、世芯 - KY 大跌 4-6%；緯穎挑戰重回千金股行列失利，終場小漲收 989 元。航運股漲勢暫歇，上市運輸類股指數終場大跌逾 5%，為最弱勢族群，其中，航空雙雄遭空方狙擊，股價摜壓至跌停，華航終場收 26.7 元，成交量爆出 72 萬張巨量，貨櫃三雄跌幅加重，終場大跌 3-5%。部分車用電子廠今天仍獲資金點火，怡利電泰國廠 ADAS 及車載新專案放量，11、12 月營收看旺，今天股價噴出漲停，創 6 年半新高；MCU 廠新唐旗下日本新唐 (NTCJ) 推出第三代車用電池管理系統 (BMS)IC，搶啖電動車商機，股價逆勢上漲逾 3%；GPS 模組廠商環天科拉出第 3 根漲停，站上 20 元關卡，創逾 2 年半新高。,"[['臺股大逃殺', '回測', '新變種病毒'], ['臺股', '急殺逾', '300點'], ['摜破月線', '支撐', '大跌 284\xa0點，收在 17369\xa0點'], ['電', '傳', '一片綠油油'], ['自營商', '提款', '68.71億元'], ['全球訴訟', '達成', '和解'], ['臺股', '上演', '十千金保衛戰'], ['遭譜瑞 - KY 超車', '丟失', '股寶座'], ['運輸類股指數', '大跌逾', '5%'], ['航空雙雄', '遭', '狙擊'], ['成交量', '爆出', '萬張巨量'], ['車用電子廠', '獲', '點火'], ['NTCJ', '推出', '車用電池管理系統BMSIC']]"
0,20211126_1192,〈台股盤後〉新變種病毒空襲 電金傳殺聲隆隆 跌破月線回測半年線南非新變種病毒來勢洶洶，受市場恐慌情緒衝擊，台股今 (26) 日電金傳產權值股一片綠油油，大盤跳水重挫，近期回神的航海王也再度沈船，盤面資金搶進防疫概念股避難，終場大跌 284.8 點，收 17369.39 點，跌破月線，並回測半年線，本周 5 個交易日均收黑 K，周線終止連七紅。電子權值股方面，台積電下跌 1.16%，收 596 元，跌破 600 元整數關卡；鴻海也下跌 1.43%，收 103.5 元；聯發科為三雄中跌勢最重，跌幅達 2.9%，收 1005 元。日月光投控、台達電、研華跌幅都超過 2%，聯電雖在與美光達成和解帶動下，早盤股價逆勢衝高，但仍不敵賣壓襲擊，終場收黑。航海王近日雖回神，今日在市場資金竄逃下，再度沈船，陽明、慧洋 - KY、新興大跌超過半根停板，長榮、台驊投控、亞航、中航、台航、榮運、裕民等多檔個股跌幅都超過 4%。航空雙雄一掃連日強勢表現，受南非新變種病毒升溫衝擊，市場憂心恐影響航空業復甦，華航、長榮航雙雙遭打入跌停板。資金湧入防疫概念股避難，亞諾法、熱映、康那香、恆大、晶宇、毛寶、合世直奔漲停，南帝、雃博大漲逾 5%。法人指出，下周關注美股感恩節後走勢，但台股在失守月線後，短線盤勢格局偏弱，未收復短期均線前，宜汰弱留強操作，不排除大盤恐持續往季線下探。,"[['周線', '終止', '七紅'], ['聯發科', '爲', '三雄中'], ['日月光投控', '超過', '2%'], ['陽明大跌', '超過', '半根停板'], ['多檔個股跌幅', '超過', '4%'], ['雙雙遭', '打入', '跌停板'], ['法人', '指出', '收復短期均線前'], ['下週', '關注', '節後走勢']]"
0,20211126_1193,微軟推醫療產業雲 目標兩年內提百個方案微軟 () 近年積極布局智慧醫療，今 (26) 日攜手華碩 ()、緯創 ()、臺大醫院等產官學界夥伴宣布，因應衛福部開放電子病歷上雲、採用新一代國際醫療資料交換標準 FHIR，將進一步整合微軟醫療產業雲，台灣微軟總經理孫基康也表示，目標在未來兩年內打造逾百個智慧醫療解決方案。微軟表示，微軟醫療雲將結合 Microsoft Azure、Microsoft 365、Microsoft Dynamics 365、Microsoft Power Platform 等四大平台，目前已可上線，未來將串連醫療夥伴生態系，達到提升與病患之間互動、賦能醫療同仁協作、優化醫資洞察等。因應醫療資料庫整合互通、轉型，微軟也宣布推出 Azure Healthcare APIs 協助醫療資料交換，衛福部資訊處處長龐一鳴指出，過往醫療資料多數是以機關機構為重心，造成基層醫護人員工作負擔，雖然台灣健保資料完善，但面對國際醫療數位轉型趨勢，也應以病患為中心，建構符合 FHIR 的環境。微軟表示，台灣醫療、科技能量豐沛，近年也協助台灣建立醫療生態系，包含華碩旗下 AI 研發中心、亞大基因科技、寬橋、中華系統整合、遠東醫電科技、自由系統、叡揚資訊、數聯資安、康統醫學科技、沐恩生醫、奇唯科技、衛武資訊、緯創子公司緯謙科技等都是合作夥伴之一。另一方面，外界也關注微軟在台灣設立全球第 66 個雲端資料中心建置進度，對此，孫基康回應，目前進度符合預期，具體完工時程則會在明年對外宣布。,"[['、', '緯創', '等('], ['應衛福部', '開放', '上雲'], ['應衛福部', '開放', '上雲'], ['臺灣微軟總經理孫基康', '表示', '目標打造智慧醫療解決方案'], ['目標', '打造', '智慧醫療解決方案'], ['微軟', '表示', '微軟醫療雲等結合四大平臺'], ['微軟醫療雲', '結合', '四大平臺'], ['微軟', '宣佈', '推出'], ['建構', '符合', 'FHIR環境'], ['微軟', '表示', '豐沛'], ['包含等中心', '都是', '合作伙伴之一'], ['外界', '關注', '微軟設立個雲端資料中心建置進度'], ['微軟', '設立', '個雲端資料中心建置進度'], ['孫基康', '回應', '進度符合預期'], ['進度', '符合', '預期']]"
0,20211126_1194,藥華藥紅血球增多症新藥美國上市 12月營收看增藥華藥 () 今 (26) 日舉行真性紅血球增多症 (PV) 新藥 BESREMi 美國上市慶祝會，執行長林國鐘表示，BESREMi 除了拿到美國 FDA 三項第一的肯定外，陸續接獲多筆訂單，12 月營收有望大幅增長，加上價格具有競爭力，滲透率將優於競爭對手。藥華藥開發的新藥 BESREMi，預計定價每劑 6988 美元，療程需要 26 劑，總費用約 18.2 萬美元 (約 506 萬元)，總經理黃正谷指出，該新藥美國 FDA 核准的仿單使用範圍較歐盟廣，所有真性紅血球增多症 (PV) 成人病患均可使用，且價格比最大競爭藥品 jakafi 更具競爭力。美國藥廠 Incyte 開發的 jakafi，該藥品為 PV 二線用藥，上市首年治療 800 名病患，上市後第 7 年美國銷售額達到 10 億美元，並治療超過萬人。黃正谷看好，BESREMi 於美國上市首年的病患數，將超過 jakafi。林國鐘表示，FDA 核准 BESREMi 的安全性與有效性經過 7.5 年，透過多中心、單臂臨床試驗中獲得驗證，61% 的患者出現完全血液反應，而此次美國 FDA 核准 BESREMi 的意義重大。林國鐘強調，BESREMi 治療罕見血液癌症，獲得美國 FDA 三項第一的肯定，包括核准「無病人先前是否接受過其他治療方式均可以使用」、「用於 PV 治療的干擾素」以及「可用於所有成人 PV 患者」。健亞董事長陳正致詞提到，健亞是首個投資藥華藥的業者，從產業方向來看，藥華藥開發的新藥順利取得美國有三大因素，包括人才、選題與法規臨床。其中，人才需具備滿身刀疤的老兵，資深產業人員才能引領公司解決法規等問題。選題部分，陳正指出，新藥開發的選題相當重要，有合適的新藥項目，資金才有回收的機會；另外，法規與臨床規劃，藥華藥先布局歐洲市場作為基礎，最後把美國當作最後一站，打造完整國際布局。,"[['營收', '獲', '多筆訂單'], ['價格', '具有', '競爭力'], ['滲透率', '優於', '競爭對手'], ['開發新藥BESREMi', '預計', '每劑6988美元'], ['療程', '需要', '18.2萬美元'], ['總經理黃正谷', '指出', '廣'], ['價格', '更具', '競爭力'], ['該藥品', '爲', 'PV二線用藥'], ['美國銷售額', '達到', '10 億美元'], ['於病患數', '超過', 'jakafi'], ['林國', '鐘錶示', '重大'], ['FDA覈准BESREMi安全性', '經過', '7.5年'], ['61% 患者', '出現', '完全血液反應'], ['林國鍾', '強調', '包括使用'], ['血液癌症', '獲得', '第一肯定'], ['無病人', '接受', '治療方式'], ['「', '可用於', 'PV'], ['健亞董事長陳正致詞', '提到', '健亞是投資藥華藥業者'], ['健亞', '是', '投資藥華藥業者'], ['藥華藥開發新藥', '取得', '美國'], ['產業人員', '引領', '等法規問題'], ['陳正', '指出', '重要'], ['資金', '有', '回收機會'], ['法規', '作爲', '基礎']]"
0,20211126_1195,電金傳倒地 台股急殺284點收17369點 周線終止連7紅美股感恩節休市，受南非新變種病毒升溫影響，投資人恐慌情緒蔓延，台股今 (26) 日跟隨亞股跳水，摜破月線支撐、回測半年線，電子、金融、傳產全面倒地，台積電失守 600 元關卡，終場指數重挫 284.8 點，收在 17369.39 點，成交值 3539.84 億元。周線終止連 7 紅，累計本周大跌 448 點。美股期指電子盤走低，台積電股價重挫逾 1%，跌破 600 元大關，盤中跌幅加重，最低見到 592 元，終場則收 596 元，半年線失而復得。聯電與美光全球訴訟達成和解，聯電將支付金額保密的和解金，在第四季業外一次性認列，早盤股價一度漲近 3%，終場仍不敵大盤賣壓收跌。其他權值股方面，聯發科重摔 3%，一度失守千元關卡，終場收 1005 元，鴻海、台達電、國巨、研華、日月光投控、瑞昱、友達等電子股均賣壓沉重，下挫 1-3%。台股上演十千金保衛戰，信驊逆勢走揚站回 3000 元，力旺重挫 3.5% 遭譜瑞 - KY 超車，失去第三大高價股寶座。傳產族群方面，中鋼、台塑、南亞、台泥、和泰車、遠東新等指標股，今天同樣委靡不振；金融股也無力撐盤，國泰金領跌逾 2%，兆豐金、台新金、元大金、玉山金等均震盪走跌，唯獨富邦金表現抗跌。航運股為今天弱勢族群，其中航空雙雄遭到空方狙擊，股價摜壓至跌停，華航終場收 26.7 元，成交量爆出 72 萬張巨量，貨櫃三雄跌幅加重，終場大跌 3-5%，散裝航運股新興、裕民、慧洋 - KY、台航等重挫 4-5%。上市運輸類股指數終場跌逾 5%，成交值達 761 億元。歐洲疫情復燃，加上南非又爆出新變異株「B.1.1.529」，英國率先停飛 6 個非洲國家的航班，使得台股檢測族群重新獲得買盤青睞，亞諾法直奔漲停，富齡富錦、ABC-KY 及興櫃股普生、博錸、金萬林漲勢也不俗，高端疫苗上漲逾 3%，恆大、康那香、美德醫療 - DR、毛寶、合世、熱映等均亮燈漲停。,"[['收17369點周線', '節休', '市'], ['電子', '跟隨', '亞股'], ['摜破月線', '支撐', '半年線'], ['收', '在', '17369.39點'], ['美股期', '指', '電子盤走低'], ['臺積電股價重挫', '逾', '1%'], ['全球訴訟', '達成', '和解'], ['聯電', '支付', '金額保密和解金'], ['大盤', '賣', '壓'], ['臺股', '上演', '十千金保衛戰'], ['走揚站回 3000 元，力旺重挫 3.5% 遭譜瑞 - KY 超車', '失去', '股寶座'], ['富邦金表現', '抗', '跌'], ['航運股', '爲', '弱勢族羣'], ['航空雙雄', '遭到', '空方狙擊'], ['股價', '壓至', '跌停'], ['華航終場', '收', '26.7元'], ['成交量', '爆出', '萬張巨量'], ['運輸類股指數', '跌逾', '5%'], ['成交', '值達', '761'], ['英國', '停飛', '非洲國家航班'], ['高端疫苗上漲', '逾', '3%']]"
0,20211126_1196,郭明錤：蘋果明年推AR頭戴裝置 將採ABF封裝欣興受惠天風證券分析師郭明錤今 (26) 日出具最新報告指出，蘋果將在 2022 年推出 AR 頭戴裝置，將採運算能力與 Mac 同等級的處理器，此處理器採用 ABF 載板封裝，欣興 () 可能成為獨家供應商，未來 10 年需求量上看 10 億片。郭明錤報告預測，蘋果該 AR 頭戴裝置，將配備 2 個處理器，高階處理器的運算能力與 Mac 的 M1 相似，較低階處理器則負責與感應器運算相關，因高階處理器的運算能力與 M1 同等級，故高階處理器的電源管理 (power management unit；PMU) 設計也與 M1 的相似，預測將採用 ABF 載板，而較低階處理器則採用 BT 載板。郭明錤估，蘋果的 AR 頭戴裝置配備 2 個 Sony 提供的 4K Micro OLED 顯示器 ，此裝置可支援 VR，對運算能力要求顯著高於 iPhone，至少需 6-8 個光學模組持續運作，而 iPhone 同時運作的光學模組最多 3 個且不需持續運算。郭明錤報告中指出，欣興為 Apple Silicon (M1、M1 Pro 與 M1 Max) 獨家 ABF 載板供應商，也將成 Apple 的 AR 頭戴裝置高階處理器 ABF 的獨家供應商。郭明錤指出，蘋果的目標是 10 年後 AR 可取代 iPhone，意味著未來 10 年內 AR 頭戴裝置對 ABF 的需求至少超過 10 億片。不過，在零組件短缺及需求結構改變下，郭明錤在先前報告中也指出，在零組件缺料及新舊產品轉換等因素影響下，蘋果配備自製處理器的 MacBook 機種可能砍單 15%，預期欣興明年上半年將更積極爭取非蘋果系產品的 ABF 載板訂單。,"[['最新報告', '指出', '蘋果採用ABF載板封裝'], ['年', '推出', 'AR'], ['蘋果', '採用', 'ABF載板封裝'], [')', '成爲', '獨家供應商'], ['郭明錤報告', '預測', '頭戴裝置配備個處理器'], ['頭戴裝置', '配備', '個處理器'], ['低階處理器', '負責', '相關'], ['預測', '採用', 'ABF載板'], ['階處理器', '採用', 'BT載板'], ['郭明錤', '估', '頭戴裝置配備'], ['此裝置', '支援', 'VR'], ['對要求', '高於', 'iPhone'], ['欣興', '中指出', '獨家供應商'], ['將', '成', '\xa0Apple'], ['郭明錤', '指出', '蘋果目標是AR取代iPhone'], ['蘋果目標', '是', 'AR取代iPhone'], ['AR', '取代', 'iPhone'], ['對需求', '超過', '10 億片'], ['郭明錤', '指出', 'MacBook機種砍單']]"
0,20211126_1197,〈焦點股〉變種病毒重擊航空股 華航、長榮航摜壓至跌停近來南非爆出全新 COVID-19 變種病毒「B.1.1.529」，英國率先停飛 6 個非洲國家航班，市場憂心好不容易見到曙光的空運市場將再度蒙塵，受利空消息影響，航空股首當其衝，華航 ()、長榮航 () 今 (26) 日股價應聲摜壓至跌停。第四季為航空業貨運傳統旺季，海轉空需求強勁，加上塞港狀況難解，運價可望維持高檔，挹注航空雙雄營運表現，華航日前看好國際客運市場漸露曙光，最快明年完全恢復，但隨著南非新變種病毒來勢洶洶，客運復甦之路恐得再緩緩。華航昨天遭到外資大舉賣超 9.2 萬張，今天受利空消息影響，股價被打入跌停，來到 26.7 元，為近 2 周低點，午盤成交量已超越 71 萬張，可望挑戰先前創下的 114 萬天量紀錄。長榮航盤中同步落入跌停，來到 25.85 元，午盤成交量能也突破 38 萬張，賣壓相當沉重。此外，海空運貨攬業者中菲行、台驊投控、捷迅今天均開高走低，盤中下挫 2-4%。運輸類股成為今天的盤面弱勢指標，貨櫃雙雄盤中跌幅擴大至 4%，散裝航運股新興、裕民、台航、慧洋 - KY、四維航等也都遭到調節，股價下挫 3-5%。長榮航看好年底銷售旺季，海運缺櫃難解，空運價格易漲難跌，11、12 月將再加入兩架 777 全貨機，預估貨運收入將再超越 10 月 89.2 億元歷史高點，並對明年貨運營收展望樂觀看待。客運方面，因台灣仍處於鎖國狀態，整體承載率僅維持約 20%。,"[['英國', '停飛', '非洲國家航班'], ['第四季', '爲', '貨運傳統旺季'], ['運價', '維持', '高檔'], ['國際客運市場', '看好', '露曙光'], ['華航', '遭到', '9.2萬張'], ['股價', '打入', '跌停'], ['午盤成交量能', '突破', '38萬張'], ['投控', '開', '高'], ['運輸類股', '成爲', '弱勢指標'], ['跌幅', '擴大至', '4%'], ['等新興', '遭到', '調節'], ['股價', '下挫', '3'], ['長榮航', '看好', '銷售旺季'], ['11月', '加入', '全貨機'], ['貨運收入', '超越', '89.2億元歷史高點'], ['臺灣', '處於', '鎖國狀態'], ['整體承載率', '維持', '20%']]"
0,20211126_1198,北富銀全台首創財管「AI風控」 客戶投資意向增四成富邦金 () 旗下台北富邦銀行率先將 AI 人工智能運用於理財客戶風險屬性評估中，開發出全台首個財富管理「AI 風控」，帶動財管客戶投資意向大增四成。北富銀風控長陳弘儒表示，目前在財富管理的風險控管上，包含有產品盡職調查、客戶風險評估、投資適宜性及組合集中度評估、交易後預警等多個面向，其中，客戶風險評估直接攸關客戶能否投資及投資配置，挑戰性特別高。陳弘儒表示，過往銀行多採質化分析，藉由訪談、調查輔以經驗來分析客戶風險狀況，會帶入較多人為主觀判斷，容易與客戶風險偏好及可承受風險損失能力產生落差。陳弘儒進一步指出，隨著數位科技日新月異，北富銀首開業界先河將 AI 人工智能技術應用在客戶風險評估，對超過 5 萬筆投資理財資料進行深度分析，結合機器學習技術構建風險屬性評估模型（Customer Risk Attribute Assessment Model，CRAAM），可大幅提升分析效率，提供更客觀準確的評估結果，精進產品與客戶適配度，為客戶創造良好的投資體驗。這套「AI 風控」系統自 2020 年 5 月上線後，以其高效及精準廣獲財管客戶認可，不僅客戶投資意向大增，整體財管資產規模更呈現「雙位數」成長，行內相關客訴也降低達三成，呈現良好的 Fintech 應用成效。陳弘儒分析，隨著線上金融業務發展，風險模式將頻繁變化，人工智能可望逐漸展現其快速迭代和自動化處理優勢，成為金融業提升服務品質、保障客戶權益的最佳隊友。日後北富銀會持續拓展「AI 風控」應用場景，例如將其與海外市場或產品風險評級等多元服務進行結合，加速財管業務數位轉型。,"[[' 旗下臺北富邦銀行', '運用於', '理財客戶風險屬性評估中'], ['投資意向', '大增', '四成'], ['北富銀風控長陳弘儒', '表示', '客戶風險評估攸關客戶投資'], ['陳弘儒', '表示', '分析風險狀況'], ['陳弘儒', '指出', '進行深度分析'], ['CRAAM', '提升', '分析效率'], ['資產規模', '呈現', '雙位數成長'], ['陳弘儒', '分析', '風險模式變化'], ['人工智能', '展現', '迭代優勢'], ['金融業', '提升', '服務品質'], ['金融業', '提升', '服務品質'], ['北富銀', '拓展', '應用場景']]"
0,20211126_1199,"變種病毒嚇跑資金台股跌破月線 法人看好三基本面利多撐盤新型變種病毒來勢洶洶，全球央行貨幣政策轉趨緊縮，台股隨主要亞股走跌，今 (26) 日早盤一度重挫近 300 點，指數低點下探至 17367 點，月線失守，但富達投信認為，台股擁有基本面三大利多加持，包括 5G、元宇宙等新興科技仍可挾基本面優勢，成為支撐台股的主力。台股今天開低走低，先前受資金熱捧的電子、鋼鐵與航運等全遭資金夾殺，航運雙雄華航 () 跌停，長榮航 () 也重挫逾 9%，權值股王台積電 () 盤中也下跌近 1.2%，鴻海 ()、大立光 () 與聯電 () 也在平盤上下整理。富達台灣成長基金經理人白芳苹表示，美國聯準會宣布將啟動縮減購債 (Taper), 並預測 2022 年中將實現充分就業，而在疫情催化下，進而強化數位經濟、5G 升級等結構性趨勢，支撐科技硬體業營收延續擴張的關鍵。白芳苹表示，現階段台股三大利多因素包括，美國科技股財報優於預期，加上企業看好後市景氣展望，美基本面優勢對於已經修正三個月的台股指數具正面意義。其次，隨著國內疫情趨緩、疫苗普及率提高，經濟活動將逐步恢復正常；第三、台灣出口創歷史新高，今年前 10 個月出口總額達 3642 億美元創歷年同期新高，並提前改寫全年新高紀錄，而資本設備占總進口比也創 16 年來新高, 皆代表不看淡未來半年出口前景。富達投信認為，疫情之後整體經濟循環仍呈現成長趨勢，預期台股仍將有所表現，建議可平衡布局景氣價值股與成長股。富達投信指出，看好疫情更強化數位經濟的發展及 5G 升級等結構性趨勢，將是支撐科技硬體業營收延續擴張的關鍵，建議可聚焦半導體、電動車供應鏈、伺服器等產業，布局新一波上升趨勢。","[['26日早盤', '重挫', '300點'], ['指數', '探至', '17367點'], ['富達投信', '認爲', '臺股擁有三大利多加持'], ['臺股', '擁有', '三大利多加持'], ['新興科技', '挾', '基本面優勢'], ['成爲支撐主力', '支撐', '臺股'], [' )', '重挫', '逾'], ['成長基金經理人白芳蘋', '表示', '美國聯準會宣佈啓動實現充分就業'], ['美國聯準會', '宣佈', '啓動實現充分就業'], ['白芳蘋', '表示', '三大利多因素包括美國科技股財報優於預期'], ['三大利多因素', '包括', '美國科技股財報優於預期'], ['美國科技股財報', '優於', '預期'], ['企業', '看好', '後市景氣展望'], ['美基本面優勢', '數具', '正面意義'], ['臺灣', '出口創', '歷史新高'], ['總進口', '比也創', ' 年來新高'], ['富達投信', '認爲', '整體經濟循環呈現成長趨勢'], ['整體經濟循環', '呈現', '成長趨勢'], ['富達投信', '指出', '看好疫情是硬體業營收擴張關鍵'], ['看好疫情', '是', '硬體業營收擴張關鍵']]"
